-1.315175e+01 0.000000e+00 2.825807e+01 -4.140982e+01
9.660217e+01 0.000000e+00 2.825807e+01 6.834410e+01
1.539958e+02 1.269467e+02 1.269467e+02 1.539958e+02
7.908073e+01 1.269467e+02 1.269467e+02 7.908073e+01
-6.901183e+01 0.000000e+00 -5.062555e+00 -6.394927e+01
4.625852e+01 0.000000e+00 -5.062555e+00 5.132107e+01
7.183772e+01 0.000000e+00 -2.747633e+00 7.458535e+01
-1.195422e+02 0.000000e+00 -2.747633e+00 -1.167946e+02
-1.299110e+01 0.000000e+00 -1.564869e+01 2.657583e+00
-1.923925e+01 0.000000e+00 -1.564869e+01 -3.590563e+00
-3.478596e+01 0.000000e+00 6.922035e+00 -4.170799e+01
5.062390e+01 0.000000e+00 6.922035e+00 4.370187e+01
-1.434202e+01 0.000000e+00 -3.150218e-01 -1.402700e+01
1.603175e+01 0.000000e+00 -3.150218e-01 1.634678e+01
-1.517113e+01 0.000000e+00 -4.492778e+01 2.975665e+01
-7.885458e+01 0.000000e+00 -4.492778e+01 -3.392679e+01
4.572777e+00 0.000000e+00 2.695332e+01 -2.238054e+01
5.195045e+01 0.000000e+00 2.695332e+01 2.499713e+01
7.121039e+01 0.000000e+00 9.792230e+00 6.141816e+01
-3.752157e+01 0.000000e+00 9.792230e+00 -4.731380e+01
6.958126e+01 0.000000e+00 9.147829e+00 6.043343e+01
-3.625390e+01 0.000000e+00 9.147829e+00 -4.540173e+01
1.562961e+01 0.000000e+00 1.225000e+01 3.379611e+00
8.976990e+00 0.000000e+00 1.225000e+01 -3.273006e+00
3.420149e+01 0.000000e+00 1.290258e+01 2.129891e+01
-1.349532e+01 0.000000e+00 1.290258e+01 -2.639789e+01
3.538271e+01 0.000000e+00 4.148498e+01 -6.102272e+00
4.692410e+01 0.000000e+00 4.148498e+01 5.439117e+00
1.657311e+01 0.000000e+00 4.371154e+01 -2.713842e+01
6.544028e+01 0.000000e+00 4.371154e+01 2.172874e+01
3.890212e+01 0.000000e+00 2.340353e+01 1.549859e+01
1.075319e+01 0.000000e+00 2.340353e+01 -1.265034e+01
4.881884e+01 0.000000e+00 1.877017e+01 3.004867e+01
-1.172607e+01 0.000000e+00 1.877017e+01 -3.049625e+01
-9.627288e+01 0.000000e+00 -6.036423e+01 -3.590865e+01
-2.117615e+01 0.000000e+00 -6.036423e+01 3.918808e+01
1.294540e+00 0.000000e+00 -4.262062e+00 5.556602e+00
-6.424916e+00 0.000000e+00 -4.262062e+00 -2.162854e+00
3.583164e+01 0.000000e+00 5.640295e+01 -2.057130e+01
7.949667e+01 0.000000e+00 5.640295e+01 2.309372e+01
4.230824e+00 0.000000e+00 -5.102276e+01 5.525358e+01
-8.831057e+01 0.000000e+00 -5.102276e+01 -3.728781e+01
6.282508e+01 0.000000e+00 7.606314e+00 5.521877e+01
-1.529541e+01 0.000000e+00 7.606314e+00 -2.290172e+01
1.854881e+01 0.000000e+00 -6.574514e-01 1.920626e+01
-2.079513e+01 0.000000e+00 -6.574514e-01 -2.013768e+01
-1.971415e+01 0.000000e+00 -8.044331e+00 -1.166982e+01
2.780667e+00 0.000000e+00 -8.044331e+00 1.082500e+01
4.490905e+01 0.000000e+00 -3.372540e+01 7.863445e+01
-2.029938e+02 0.000000e+00 -3.372540e+01 -1.692684e+02
-3.513894e+01 0.000000e+00 -1.045059e+01 -2.468834e+01
8.250814e+00 0.000000e+00 -1.045059e+01 1.870141e+01
