1.339093e+02 0.000000e+00 5.460691e+01 7.930239e+01
-5.568998e+01 0.000000e+00 5.460691e+01 -1.102969e+02
-1.627320e+01 0.000000e+00 -1.624293e+02 1.461561e+02
-3.248094e+02 0.000000e+00 -1.624293e+02 -1.623802e+02
-2.675828e+02 0.000000e+00 4.438364e+01 -3.119664e+02
3.797394e+02 0.000000e+00 4.438364e+01 3.353558e+02
-1.594613e+02 0.000000e+00 -1.766198e+01 -1.417993e+02
1.117696e+02 0.000000e+00 -1.766198e+01 1.294316e+02
1.022388e+01 0.000000e+00 -7.450294e+01 8.472683e+01
-1.648533e+02 0.000000e+00 -7.450294e+01 -9.035033e+01
1.879766e+02 0.000000e+00 2.568716e+02 -6.889502e+01
2.983868e+02 0.000000e+00 2.568716e+02 4.151526e+01
2.224393e+02 3.644725e+02 3.644725e+02 2.224393e+02
5.206801e+02 3.644725e+02 3.644725e+02 5.206801e+02
-1.372122e+02 0.000000e+00 -1.996481e+02 6.243588e+01
-2.570731e+02 0.000000e+00 -1.996481e+02 -5.742496e+01
2.354857e+01 0.000000e+00 -1.211533e+01 3.566390e+01
-5.004309e+01 0.000000e+00 -1.211533e+01 -3.792776e+01
-1.977970e+00 0.000000e+00 1.110481e+02 -1.130261e+02
2.549392e+02 0.000000e+00 1.110481e+02 1.438911e+02
1.285319e+02 0.000000e+00 -1.763518e+01 1.461671e+02
-1.225335e+02 0.000000e+00 -1.763518e+01 -1.048983e+02
1.032691e+02 0.000000e+00 3.404512e+01 6.922397e+01
-8.923454e+01 0.000000e+00 3.404512e+01 -1.232797e+02
6.596536e+01 0.000000e+00 -4.048894e+01 1.064543e+02
-1.204628e+02 0.000000e+00 -4.048894e+01 -7.997383e+01
1.309711e+02 0.000000e+00 -6.340847e+01 1.943796e+02
-1.675326e+02 0.000000e+00 -6.340847e+01 -1.041241e+02
5.896756e+01 0.000000e+00 -1.190618e+01 7.087374e+01
-6.558677e+01 0.000000e+00 -1.190618e+01 -5.368059e+01
-1.133429e+02 0.000000e+00 2.834633e+02 -3.968062e+02
4.261862e+02 0.000000e+00 2.834633e+02 1.427229e+02
-7.208287e+01 0.000000e+00 1.693677e+01 -8.901964e+01
1.863901e+02 0.000000e+00 1.693677e+01 1.694534e+02
-5.340982e+01 0.000000e+00 -1.045432e+02 5.113341e+01
-1.726456e+02 0.000000e+00 -1.045432e+02 -6.810239e+01
1.309455e+02 0.000000e+00 -1.127878e+01 1.422242e+02
-4.860881e+01 0.000000e+00 -1.127878e+01 -3.733003e+01
1.240033e+02 0.000000e+00 8.160323e+01 4.240006e+01
1.131113e+01 0.000000e+00 8.160323e+01 -7.029210e+01
1.564854e+02 0.000000e+00 7.694630e+01 7.953914e+01
3.405345e+01 0.000000e+00 7.694630e+01 -4.289285e+01
4.385459e+01 0.000000e+00 1.502067e+01 2.883392e+01
-8.254360e+01 0.000000e+00 1.502067e+01 -9.756427e+01
2.186375e+02 0.000000e+00 7.917007e+01 1.394674e+02
-4.081581e+01 0.000000e+00 7.917007e+01 -1.199859e+02
-7.315869e+01 0.000000e+00 -7.505219e+01 1.893494e+00
-7.833974e+01 0.000000e+00 -7.505219e+01 -3.287560e+00
-8.269295e+01 0.000000e+00 -4.542689e+01 -3.726606e+01
4.523708e+01 0.000000e+00 -4.542689e+01 9.066397e+01
-2.857452e+01 0.000000e+00 -2.042271e+01 -8.151810e+00
-7.802246e+00 0.000000e+00 -2.042271e+01 1.262046e+01
