-2.742098e+01 0.000000e+00 5.897085e+01 -8.639183e+01
1.837980e+02 0.000000e+00 5.897085e+01 1.248272e+02
1.696335e+02 0.000000e+00 1.083401e+02 6.129341e+01
-4.108082e+00 0.000000e+00 1.083401e+02 -1.124482e+02
-2.445404e+02 0.000000e+00 -2.430420e+01 -2.202362e+02
1.421266e+02 0.000000e+00 -2.430420e+01 1.664308e+02
1.107683e+01 0.000000e+00 -7.157023e+00 1.823385e+01
-3.791990e+01 0.000000e+00 -7.157023e+00 -3.076288e+01
-5.665876e+01 0.000000e+00 -6.406110e+01 7.402336e+00
-7.356999e+01 0.000000e+00 -6.406110e+01 -9.508896e+00
1.923020e+02 2.086150e+02 2.086150e+02 1.923020e+02
2.187237e+02 2.086150e+02 2.086150e+02 2.187237e+02
6.357114e+01 0.000000e+00 4.840379e+01 1.516736e+01
2.746562e+01 0.000000e+00 4.840379e+01 -2.093817e+01
-1.298377e+02 0.000000e+00 -4.582737e+01 -8.401035e+01
3.780537e+01 0.000000e+00 -4.582737e+01 8.363274e+01
-1.189091e+02 0.000000e+00 -6.830412e+01 -5.060494e+01
-5.070358e+00 0.000000e+00 -6.830412e+01 6.323376e+01
9.199960e+01 0.000000e+00 3.927031e+01 5.272929e+01
7.770472e-01 0.000000e+00 3.927031e+01 -3.849326e+01
-6.214431e+01 0.000000e+00 1.549999e+01 -7.764430e+01
9.210278e+01 0.000000e+00 1.549999e+01 7.660279e+01
-3.228773e+01 0.000000e+00 2.435037e+01 -5.663810e+01
8.327908e+01 0.000000e+00 2.435037e+01 5.892871e+01
-5.057533e+01 0.000000e+00 -5.550784e+01 4.932510e+00
-6.174429e+01 0.000000e+00 -5.550784e+01 -6.236446e+00
8.563923e+01 0.000000e+00 1.273522e+02 -4.171302e+01
1.885505e+02 0.000000e+00 1.273522e+02 6.119829e+01
4.166780e+00 0.000000e+00 1.920553e+01 -1.503875e+01
4.106584e+01 0.000000e+00 1.920553e+01 2.186031e+01
4.665386e+01 0.000000e+00 5.741523e+01 -1.076137e+01
6.711201e+01 0.000000e+00 5.741523e+01 9.696777e+00
2.692310e+01 0.000000e+00 1.515436e+01 1.176874e+01
-1.057571e+00 0.000000e+00 1.515436e+01 -1.621193e+01
-3.298460e+01 0.000000e+00 -8.732507e+01 5.434046e+01
-1.312977e+02 0.000000e+00 -8.732507e+01 -4.397263e+01
-8.354525e+01 0.000000e+00 -8.996693e+01 6.421684e+00
-9.299632e+01 0.000000e+00 -8.996693e+01 -3.029388e+00
5.108292e+00 0.000000e+00 2.379145e+00 2.729147e+00
-4.654503e-02 0.000000e+00 2.379145e+00 -2.425690e+00
-2.562439e+01 0.000000e+00 -7.837487e+00 -1.778690e+01
6.024780e+00 0.000000e+00 -7.837487e+00 1.386227e+01
5.748015e+00 0.000000e+00 -1.150216e+01 1.725017e+01
-2.669707e+01 0.000000e+00 -1.150216e+01 -1.519491e+01
1.180390e+02 0.000000e+00 1.041001e+02 1.393890e+01
8.695816e+01 0.000000e+00 1.041001e+02 -1.714197e+01
2.266444e+02 0.000000e+00 1.332115e+02 9.343285e+01
5.127891e+01 0.000000e+00 1.332115e+02 -8.193262e+01
1.166488e+01 0.000000e+00 -6.978456e+01 8.144944e+01
-2.382010e+02 0.000000e+00 -6.978456e+01 -1.684164e+02
-3.966550e+01 0.000000e+00 -2.439349e+00 -3.722616e+01
3.244302e+01 0.000000e+00 -2.439349e+00 3.488236e+01
