-7.097390e+00 0.000000e+00 3.843989e+01 -4.553728e+01
8.428050e+01 0.000000e+00 3.843989e+01 4.584061e+01
9.571075e+01 0.000000e+00 4.041906e+01 5.529169e+01
1.275721e+01 0.000000e+00 4.041906e+01 -2.766185e+01
1.487692e+02 0.000000e+00 1.077009e+02 4.106823e+01
7.321983e+01 0.000000e+00 1.077009e+02 -3.448111e+01
-2.016258e+01 0.000000e+00 -1.153019e+01 -8.632392e+00
-3.593227e+00 0.000000e+00 -1.153019e+01 7.936964e+00
2.652233e+01 0.000000e+00 -4.856693e+01 7.508926e+01
-1.440301e+02 0.000000e+00 -4.856693e+01 -9.546317e+01
3.143015e+01 0.000000e+00 5.731290e+01 -2.588276e+01
7.778566e+01 0.000000e+00 5.731290e+01 2.047276e+01
5.323469e+01 0.000000e+00 2.638614e+01 2.684855e+01
-2.751047e+00 0.000000e+00 2.638614e+01 -2.913718e+01
-9.685272e+00 0.000000e+00 -1.076873e+01 1.083457e+00
-1.219046e+01 0.000000e+00 -1.076873e+01 -1.421733e+00
-7.118552e+01 0.000000e+00 -5.115324e+01 -2.003228e+01
-3.508399e+01 0.000000e+00 -5.115324e+01 1.606925e+01
-4.094277e+01 0.000000e+00 -3.523527e-01 -4.059042e+01
3.098892e+01 0.000000e+00 -3.523527e-01 3.134127e+01
-6.671144e+01 0.000000e+00 -4.001653e+01 -2.669492e+01
-1.707479e+01 0.000000e+00 -4.001653e+01 2.294174e+01
-4.831264e+01 0.000000e+00 -2.219630e+01 -2.611634e+01
1.824054e+01 0.000000e+00 -2.219630e+01 4.043684e+01
-1.185925e+01 0.000000e+00 -2.361423e+01 1.175498e+01
-3.539595e+01 0.000000e+00 -2.361423e+01 -1.178171e+01
-1.075756e+00 0.000000e+00 5.016639e+01 -5.124215e+01
9.263621e+01 0.000000e+00 5.016639e+01 4.246982e+01
1.155766e+01 0.000000e+00 3.637141e+01 -2.481375e+01
6.397533e+01 0.000000e+00 3.637141e+01 2.760392e+01
1.980435e+01 0.000000e+00 -6.100214e+00 2.590456e+01
-3.790071e+01 0.000000e+00 -6.100214e+00 -3.180050e+01
7.270158e+01 0.000000e+00 1.139194e+01 6.130964e+01
-3.053736e+01 0.000000e+00 1.139194e+01 -4.192931e+01
1.252567e+02 1.022345e+02 1.022345e+02 1.252567e+02
7.924030e+01 1.022345e+02 1.022345e+02 7.924030e+01
4.369413e+01 0.000000e+00 -7.555123e+01 1.192454e+02
-1.191309e+02 0.000000e+00 -7.555123e+01 -4.357963e+01
1.863482e+01 0.000000e+00 2.821362e+01 -9.578808e+00
3.782217e+01 0.000000e+00 2.821362e+01 9.608551e+00
1.642548e+01 0.000000e+00 8.727731e+00 7.697753e+00
1.190977e+00 0.000000e+00 8.727731e+00 -7.536754e+00
2.366692e+01 0.000000e+00 3.529497e+01 -1.162805e+01
4.120196e+01 0.000000e+00 3.529497e+01 5.906990e+00
4.219351e+01 0.000000e+00 3.628368e+01 5.909824e+00
2.689853e+01 0.000000e+00 3.628368e+01 -9.385159e+00
4.085017e+01 0.000000e+00 3.705563e+01 3.794537e+00
3.380837e+01 0.000000e+00 3.705563e+01 -3.247261e+00
1.483692e+01 0.000000e+00 7.605580e+00 7.231336e+00
-1.415908e+00 0.000000e+00 7.605580e+00 -9.021487e+00
1.779221e+01 0.000000e+00 -6.534731e+00 2.432694e+01
-2.742406e+01 0.000000e+00 -6.534731e+00 -2.088933e+01
