6.167527e+01 0.000000e+00 9.162744e+01 -2.995217e+01
1.165620e+02 0.000000e+00 9.162744e+01 2.493459e+01
-2.550528e+01 0.000000e+00 -2.302164e+01 -2.483635e+00
-2.114264e+01 0.000000e+00 -2.302164e+01 1.879005e+00
3.068478e+01 0.000000e+00 1.213587e+02 -9.067390e+01
1.930920e+02 0.000000e+00 1.213587e+02 7.173330e+01
5.123199e+01 0.000000e+00 5.315809e+01 -1.926105e+00
5.542239e+01 0.000000e+00 5.315809e+01 2.264294e+00
-1.084213e+02 0.000000e+00 -1.384110e+02 2.998965e+01
-1.754389e+02 0.000000e+00 -1.384110e+02 -3.702791e+01
-6.073549e+01 0.000000e+00 -1.656280e+01 -4.417269e+01
4.351785e+01 0.000000e+00 -1.656280e+01 6.008064e+01
4.586624e+01 0.000000e+00 1.599453e+01 2.987171e+01
-2.218103e+01 0.000000e+00 1.599453e+01 -3.817556e+01
-1.847272e+01 0.000000e+00 -8.181442e-01 -1.765457e+01
2.784502e+01 0.000000e+00 -8.181442e-01 2.866317e+01
4.206417e+01 0.000000e+00 2.471578e+01 1.734839e+01
1.285662e+01 0.000000e+00 2.471578e+01 -1.185915e+01
8.683872e+01 0.000000e+00 -6.229217e+01 1.491309e+02
-2.177509e+02 0.000000e+00 -6.229217e+01 -1.554587e+02
-4.898626e+01 0.000000e+00 -2.948423e+01 -1.950203e+01
9.546204e-01 0.000000e+00 -2.948423e+01 3.043885e+01
6.591400e+01 0.000000e+00 3.967325e+01 2.624075e+01
-9.365959e+00 0.000000e+00 3.967325e+01 -4.903921e+01
-8.481972e+01 0.000000e+00 -5.551540e+01 -2.930431e+01
-1.555307e+01 0.000000e+00 -5.551540e+01 3.996233e+01
-3.509800e+01 0.000000e+00 -4.541922e+01 1.032122e+01
-6.856924e+01 0.000000e+00 -4.541922e+01 -2.315003e+01
3.108132e+01 0.000000e+00 2.417594e+00 2.866372e+01
-2.093851e+01 0.000000e+00 2.417594e+00 -2.335610e+01
-3.174543e+01 0.000000e+00 -3.833430e+01 6.588875e+00
-4.579208e+01 0.000000e+00 -3.833430e+01 -7.457783e+00
-2.770390e+01 0.000000e+00 -4.040086e+01 1.269696e+01
-6.150128e+01 0.000000e+00 -4.040086e+01 -2.110042e+01
-2.790641e+02 0.000000e+00 -2.154660e+02 -6.359805e+01
-1.336019e+02 0.000000e+00 -2.154660e+02 8.186411e+01
3.136236e+02 2.885764e+02 2.885764e+02 3.136236e+02
2.756977e+02 2.885764e+02 2.885764e+02 2.756977e+02
-2.869435e+01 0.000000e+00 2.464341e+01 -5.333776e+01
9.451260e+01 0.000000e+00 2.464341e+01 6.986919e+01
8.042876e+01 0.000000e+00 2.779274e+01 5.263601e+01
-4.874859e+01 0.000000e+00 2.779274e+01 -7.654133e+01
8.010634e+01 0.000000e+00 5.201693e+01 2.808941e+01
1.505567e+01 0.000000e+00 5.201693e+01 -3.696126e+01
1.063638e+02 0.000000e+00 1.251314e+02 -1.876762e+01
1.451414e+02 0.000000e+00 1.251314e+02 2.000996e+01
-1.338119e+01 0.000000e+00 -2.705008e+01 1.366889e+01
-3.224841e+01 0.000000e+00 -2.705008e+01 -5.198328e+00
6.421167e+01 0.000000e+00 4.131070e+01 2.290097e+01
-1.399124e+01 0.000000e+00 4.131070e+01 -5.530194e+01
-6.011986e+01 0.000000e+00 -9.282467e+01 3.270481e+01
-1.501868e+02 0.000000e+00 -9.282467e+01 -5.736213e+01
