4.600085e+01 0.000000e+00 8.529118e+01 -3.929033e+01
1.260192e+02 0.000000e+00 8.529118e+01 4.072802e+01
5.320360e+01 0.000000e+00 -1.650255e+00 5.485385e+01
-4.201433e+01 0.000000e+00 -1.650255e+00 -4.036407e+01
7.160192e+01 0.000000e+00 9.552250e+01 -2.392058e+01
1.096549e+02 0.000000e+00 9.552250e+01 1.413240e+01
4.112029e+01 0.000000e+00 6.616950e+01 -2.504922e+01
9.064281e+01 0.000000e+00 6.616950e+01 2.447330e+01
4.927414e+01 0.000000e+00 -6.656739e+00 5.593088e+01
-8.116849e+01 0.000000e+00 -6.656739e+00 -7.451175e+01
-9.686090e+00 0.000000e+00 1.914720e+01 -2.883329e+01
5.551483e+01 0.000000e+00 1.914720e+01 3.636763e+01
9.082702e+01 0.000000e+00 8.806590e+01 2.761118e+00
8.444102e+01 0.000000e+00 8.806590e+01 -3.624882e+00
-2.654359e+01 0.000000e+00 1.951218e+01 -4.605577e+01
8.230259e+01 0.000000e+00 1.951218e+01 6.279041e+01
-3.426130e+01 0.000000e+00 2.180463e+01 -5.606593e+01
7.613364e+01 0.000000e+00 2.180463e+01 5.432901e+01
-2.403767e+01 0.000000e+00 -3.179425e+01 7.756582e+00
-3.776296e+01 0.000000e+00 -3.179425e+01 -5.968710e+00
-6.146118e+01 0.000000e+00 -4.296351e+01 -1.849766e+01
-2.875373e+01 0.000000e+00 -4.296351e+01 1.420979e+01
2.306344e+01 0.000000e+00 1.409167e+01 8.971771e+00
2.675501e+00 0.000000e+00 1.409167e+01 -1.141617e+01
2.350732e+01 0.000000e+00 1.286875e+01 1.063857e+01
2.647258e+00 0.000000e+00 1.286875e+01 -1.022149e+01
-4.880376e+01 0.000000e+00 -2.399994e+01 -2.480382e+01
4.990516e+00 0.000000e+00 -2.399994e+01 2.899046e+01
9.119962e+00 0.000000e+00 1.994825e+01 -1.082829e+01
3.320470e+01 0.000000e+00 1.994825e+01 1.325645e+01
7.591456e+01 0.000000e+00 4.983755e+01 2.607701e+01
2.610323e+01 0.000000e+00 4.983755e+01 -2.373432e+01
4.235317e+01 0.000000e+00 4.432287e+01 -1.969698e+00
4.345836e+01 0.000000e+00 4.432287e+01 -8.645133e-01
-4.142813e+01 0.000000e+00 -4.456090e+01 3.132770e+00
-4.842904e+01 0.000000e+00 -4.456090e+01 -3.868147e+00
-5.252517e+01 0.000000e+00 -4.914291e+01 -3.382267e+00
-4.800838e+01 0.000000e+00 -4.914291e+01 1.134522e+00
5.049582e+00 0.000000e+00 1.703351e+00 3.346231e+00
-7.461522e-01 0.000000e+00 1.703351e+00 -2.449504e+00
2.421198e+02 2.579113e+02 2.579113e+02 2.421198e+02
2.700015e+02 2.579113e+02 2.579113e+02 2.700015e+02
4.606435e+00 0.000000e+00 1.400227e+01 -9.395837e+00
2.125478e+01 0.000000e+00 1.400227e+01 7.252510e+00
7.426356e+01 0.000000e+00 8.215267e+01 -7.889114e+00
9.434727e+01 0.000000e+00 8.215267e+01 1.219460e+01
2.828486e+01 0.000000e+00 6.734811e+00 2.155005e+01
-1.387665e+01 0.000000e+00 6.734811e+00 -2.061146e+01
4.001506e-01 0.000000e+00 -3.279239e+01 3.319255e+01
-7.748357e+01 0.000000e+00 -3.279239e+01 -4.469118e+01
-1.441842e+01 0.000000e+00 -2.129336e+01 6.874945e+00
-2.930045e+01 0.000000e+00 -2.129336e+01 -8.007087e+00
