2.545095e+01 0.000000e+00 4.779443e+01 -2.234348e+01
6.313184e+01 0.000000e+00 4.779443e+01 1.533740e+01
3.096365e+01 0.000000e+00 -1.114351e+01 4.210716e+01
-6.763692e+01 0.000000e+00 -1.114351e+01 -5.649340e+01
6.278218e+01 0.000000e+00 4.342082e+01 1.936136e+01
2.623765e+01 0.000000e+00 4.342082e+01 -1.718317e+01
4.091453e+01 0.000000e+00 2.910581e+01 1.180872e+01
1.888789e+01 0.000000e+00 2.910581e+01 -1.021791e+01
5.827635e+02 3.596445e+02 3.596445e+02 5.827635e+02
-3.983979e+01 3.596445e+02 3.596445e+02 -3.983979e+01
-1.423053e+01 0.000000e+00 7.444088e+01 -8.867141e+01
1.630407e+02 0.000000e+00 7.444088e+01 8.859982e+01
6.527813e+01 0.000000e+00 1.026935e+02 -3.741535e+01
1.441969e+02 0.000000e+00 1.026935e+02 4.150343e+01
1.160108e+02 0.000000e+00 9.939081e+01 1.662003e+01
6.867303e+01 0.000000e+00 9.939081e+01 -3.071777e+01
-5.764264e+01 0.000000e+00 -1.585759e+01 -4.178505e+01
2.616181e+01 0.000000e+00 -1.585759e+01 4.201940e+01
6.929808e+01 0.000000e+00 -1.182727e+01 8.112535e+01
-7.585792e+01 0.000000e+00 -1.182727e+01 -6.403065e+01
6.391369e+01 0.000000e+00 -4.907589e+00 6.882128e+01
-1.023152e+02 0.000000e+00 -4.907589e+00 -9.740763e+01
3.375319e+01 0.000000e+00 -1.742992e+01 5.118312e+01
-7.171700e+01 0.000000e+00 -1.742992e+01 -5.428707e+01
-6.146689e+01 0.000000e+00 -1.046651e+02 4.319823e+01
-1.385881e+02 0.000000e+00 -1.046651e+02 -3.392298e+01
2.777061e-01 0.000000e+00 -4.321309e+01 4.349080e+01
-1.113339e+02 0.000000e+00 -4.321309e+01 -6.812078e+01
-1.849875e+01 0.000000e+00 5.375488e+01 -7.225363e+01
1.174990e+02 0.000000e+00 5.375488e+01 6.374410e+01
-3.337967e+00 0.000000e+00 7.637700e+00 -1.097567e+01
1.841408e+01 0.000000e+00 7.637700e+00 1.077638e+01
5.429676e+00 0.000000e+00 4.720516e+01 -4.177549e+01
1.013016e+02 0.000000e+00 4.720516e+01 5.409639e+01
-4.315633e+01 0.000000e+00 1.149644e+00 -4.430597e+01
4.393460e+01 0.000000e+00 1.149644e+00 4.278496e+01
1.479824e+01 0.000000e+00 -4.443987e+01 5.923811e+01
-8.121812e+01 0.000000e+00 -4.443987e+01 -3.677826e+01
-7.406177e+01 0.000000e+00 -2.733114e+01 -4.673063e+01
4.565795e+01 0.000000e+00 -2.733114e+01 7.298909e+01
-3.682569e+01 0.000000e+00 -1.663179e+01 -2.019390e+01
4.521088e+00 0.000000e+00 -1.663179e+01 2.115288e+01
-1.202658e+01 0.000000e+00 -1.827831e+01 6.251738e+00
-2.258273e+01 0.000000e+00 -1.827831e+01 -4.304413e+00
5.502348e+01 0.000000e+00 1.041345e+02 -4.911099e+01
1.520805e+02 0.000000e+00 1.041345e+02 4.794601e+01
-1.838781e+01 0.000000e+00 -7.415831e+00 -1.097198e+01
6.755997e+00 0.000000e+00 -7.415831e+00 1.417183e+01
9.893213e+00 0.000000e+00 3.010543e+01 -2.021222e+01
9.405811e+01 0.000000e+00 3.010543e+01 6.395267e+01
7.126154e+01 0.000000e+00 6.510561e+01 6.155937e+00
5.840247e+01 0.000000e+00 6.510561e+01 -6.703136e+00
