1.564052e+02 2.149769e+02 2.149769e+02 1.564052e+02
2.681906e+02 2.149769e+02 2.149769e+02 2.681906e+02
5.474485e+01 0.000000e+00 -1.050914e+01 6.525399e+01
-5.930130e+01 0.000000e+00 -1.050914e+01 -4.879216e+01
1.479090e+02 0.000000e+00 1.173958e+02 3.051311e+01
8.656133e+01 0.000000e+00 1.173958e+02 -3.083452e+01
-4.809777e+00 0.000000e+00 1.716131e+01 -2.197108e+01
4.183056e+01 0.000000e+00 1.716131e+01 2.466926e+01
1.144709e+02 0.000000e+00 2.370335e+01 9.076752e+01
-1.166641e+02 0.000000e+00 2.370335e+01 -1.403675e+02
-9.119531e+01 0.000000e+00 2.828520e+00 -9.402383e+01
9.486941e+01 0.000000e+00 2.828520e+00 9.204089e+01
6.060471e+01 0.000000e+00 5.699773e+01 3.606980e+00
5.330340e+01 0.000000e+00 5.699773e+01 -3.694329e+00
5.230675e+01 0.000000e+00 5.411011e+01 -1.803359e+00
5.101870e+01 0.000000e+00 5.411011e+01 -3.091406e+00
1.680575e+01 0.000000e+00 2.212739e+01 -5.321643e+00
2.723910e+01 0.000000e+00 2.212739e+01 5.111713e+00
-5.268908e+00 0.000000e+00 -1.418940e+01 8.920495e+00
-1.956236e+01 0.000000e+00 -1.418940e+01 -5.372962e+00
-4.416648e+01 0.000000e+00 -2.515050e+01 -1.901598e+01
-1.028748e+01 0.000000e+00 -2.515050e+01 1.486302e+01
1.037777e+01 0.000000e+00 2.831830e+01 -1.794053e+01
5.193327e+01 0.000000e+00 2.831830e+01 2.361497e+01
-8.239273e+00 0.000000e+00 -2.699600e+01 1.875673e+01
-4.636063e+01 0.000000e+00 -2.699600e+01 -1.936462e+01
-7.676301e+00 0.000000e+00 -2.276840e+01 1.509210e+01
-4.483745e+01 0.000000e+00 -2.276840e+01 -2.206906e+01
-9.095933e+00 0.000000e+00 1.542587e+01 -2.452180e+01
4.464496e+01 0.000000e+00 1.542587e+01 2.921909e+01
3.847709e+01 0.000000e+00 -1.226848e+01 5.074557e+01
-5.409388e+01 0.000000e+00 -1.226848e+01 -4.182540e+01
5.325158e+01 0.000000e+00 4.397755e+01 9.274028e+00
3.573069e+01 0.000000e+00 4.397755e+01 -8.246862e+00
-1.698897e+01 0.000000e+00 -5.387651e+01 3.688754e+01
-1.081783e+02 0.000000e+00 -5.387651e+01 -5.430178e+01
-2.699185e+01 0.000000e+00 -3.441214e+01 7.420287e+00
-3.878182e+01 0.000000e+00 -3.441214e+01 -4.369681e+00
9.147892e+01 0.000000e+00 4.132796e+01 5.015096e+01
-1.561867e+00 0.000000e+00 4.132796e+01 -4.288983e+01
8.432064e+01 0.000000e+00 3.905835e+01 4.526228e+01
7.080147e+00 0.000000e+00 3.905835e+01 -3.197821e+01
-3.731652e+01 0.000000e+00 2.223390e+01 -5.955042e+01
6.015500e+01 0.000000e+00 2.223390e+01 3.792110e+01
5.945542e+01 0.000000e+00 5.187208e+01 7.583342e+00
4.470116e+01 0.000000e+00 5.187208e+01 -7.170919e+00
6.473870e+00 0.000000e+00 3.902728e+00 2.571142e+00
-1.323059e+00 0.000000e+00 3.902728e+00 -5.225787e+00
2.390674e+01 0.000000e+00 -1.229219e+00 2.513596e+01
-3.677329e+01 0.000000e+00 -1.229219e+00 -3.554407e+01
1.098325e+01 0.000000e+00 1.915687e+01 -8.173619e+00
3.088345e+01 0.000000e+00 1.915687e+01 1.172658e+01
