7.741940e+01 0.000000e+00 1.151617e+02 -3.774226e+01
1.484721e+02 0.000000e+00 1.151617e+02 3.331044e+01
-8.371064e+01 0.000000e+00 -9.353780e+01 9.827156e+00
-9.923385e+01 0.000000e+00 -9.353780e+01 -5.696053e+00
3.066850e+01 0.000000e+00 5.586003e+01 -2.519154e+01
7.884724e+01 0.000000e+00 5.586003e+01 2.298721e+01
1.963332e+01 0.000000e+00 -2.961520e+01 4.924853e+01
-9.786625e+01 0.000000e+00 -2.961520e+01 -6.825105e+01
-2.134006e+01 0.000000e+00 -4.784761e+01 2.650755e+01
-8.358565e+01 0.000000e+00 -4.784761e+01 -3.573804e+01
-6.136731e+01 0.000000e+00 5.923857e+00 -6.729116e+01
7.911676e+01 0.000000e+00 5.923857e+00 7.319290e+01
5.511931e+01 0.000000e+00 4.193180e-01 5.469999e+01
-5.830698e+01 0.000000e+00 4.193180e-01 -5.872630e+01
-1.583071e+01 0.000000e+00 -6.483995e+00 -9.346716e+00
5.795332e+00 0.000000e+00 -6.483995e+00 1.227933e+01
-2.072801e+01 0.000000e+00 -1.206223e+01 -8.665787e+00
-2.909653e+00 0.000000e+00 -1.206223e+01 9.152573e+00
-3.654322e+01 0.000000e+00 -3.739106e+01 8.478394e-01
-3.789162e+01 0.000000e+00 -3.739106e+01 -5.005646e-01
-1.179189e+02 0.000000e+00 -5.622880e+01 -6.169015e+01
5.600872e-01 0.000000e+00 -5.622880e+01 5.678889e+01
-1.010823e+01 0.000000e+00 -1.074812e+01 6.398964e-01
-1.156016e+01 0.000000e+00 -1.074812e+01 -8.120327e-01
-4.054599e+01 0.000000e+00 -3.152580e+01 -9.020193e+00
-2.021336e+01 0.000000e+00 -3.152580e+01 1.131244e+01
3.539345e+01 0.000000e+00 -5.466085e+01 9.005431e+01
-1.461646e+02 0.000000e+00 -5.466085e+01 -9.150376e+01
-6.804224e+01 0.000000e+00 -2.973655e+01 -3.830569e+01
1.009278e+01 0.000000e+00 -2.973655e+01 3.982932e+01
-2.918241e+01 0.000000e+00 -4.698957e+01 1.780716e+01
-6.368430e+01 0.000000e+00 -4.698957e+01 -1.669474e+01
-7.583310e+01 0.000000e+00 -3.662703e+01 -3.920607e+01
1.669540e-01 0.000000e+00 -3.662703e+01 3.679398e+01
-1.430816e+02 0.000000e+00 -1.145715e+02 -2.851007e+01
-8.494563e+01 0.000000e+00 -1.145715e+02 2.962587e+01
3.481666e+01 0.000000e+00 -5.174508e+01 8.656174e+01
-8.806836e+01 0.000000e+00 -5.174508e+01 -3.632328e+01
-2.036522e+01 0.000000e+00 -3.007032e+01 9.705099e+00
-4.139065e+01 0.000000e+00 -3.007032e+01 -1.132034e+01
-5.210403e+01 0.000000e+00 -3.502274e+01 -1.708128e+01
-2.023615e+01 0.000000e+00 -3.502274e+01 1.478659e+01
-1.675117e+01 0.000000e+00 -2.123116e+01 4.479982e+00
-2.434975e+01 0.000000e+00 -2.123116e+01 -3.118589e+00
5.387471e+01 0.000000e+00 6.540374e+01 -1.152903e+01
7.773331e+01 0.000000e+00 6.540374e+01 1.232957e+01
1.080853e+02 1.836932e+02 1.836932e+02 1.080853e+02
2.503554e+02 1.836932e+02 1.836932e+02 2.503554e+02
1.655439e+02 0.000000e+00 6.551287e+01 1.000310e+02
-1.035900e+02 0.000000e+00 6.551287e+01 -1.691028e+02
-4.706882e+01 0.000000e+00 2.793552e+01 -7.500434e+01
1.113143e+02 0.000000e+00 2.793552e+01 8.337881e+01
