1.104212e+01 0.000000e+00 1.756113e+01 -6.519010e+00
2.345541e+01 0.000000e+00 1.756113e+01 5.894287e+00
3.261688e+01 0.000000e+00 -1.966531e+01 5.228219e+01
-4.749851e+01 0.000000e+00 -1.966531e+01 -2.783320e+01
3.015474e+01 0.000000e+00 7.559466e+01 -4.543992e+01
1.251597e+02 0.000000e+00 7.559466e+01 4.956501e+01
4.086845e+01 0.000000e+00 4.432134e+01 -3.452892e+00
4.763586e+01 0.000000e+00 4.432134e+01 3.314514e+00
-2.679831e+01 0.000000e+00 -6.420024e+01 3.740193e+01
-1.130138e+02 0.000000e+00 -6.420024e+01 -4.881361e+01
-3.018604e+01 0.000000e+00 3.325585e+01 -6.344188e+01
1.020104e+02 0.000000e+00 3.325585e+01 6.875460e+01
-2.645166e+01 0.000000e+00 -1.516451e+01 -1.128715e+01
-3.220673e-01 0.000000e+00 -1.516451e+01 1.484244e+01
-2.853304e+01 0.000000e+00 -3.717907e+01 8.646030e+00
-4.340798e+01 0.000000e+00 -3.717907e+01 -6.228909e+00
-8.429031e+00 0.000000e+00 -1.874528e+01 1.031625e+01
-2.927140e+01 0.000000e+00 -1.874528e+01 -1.052612e+01
-6.221326e+01 0.000000e+00 -1.080744e+02 4.586110e+01
-1.462106e+02 0.000000e+00 -1.080744e+02 -3.813627e+01
6.257679e+00 0.000000e+00 3.096216e-01 5.948057e+00
-9.364221e+00 0.000000e+00 3.096216e-01 -9.673842e+00
3.681810e+01 0.000000e+00 -2.831270e+00 3.964937e+01
-4.946374e+01 0.000000e+00 -2.831270e+00 -4.663247e+01
5.332666e+01 0.000000e+00 7.450262e+00 4.587640e+01
-7.091602e+01 0.000000e+00 7.450262e+00 -7.836628e+01
5.716047e-01 0.000000e+00 4.102962e+01 -4.045801e+01
7.857153e+01 0.000000e+00 4.102962e+01 3.754191e+01
-3.577891e+01 0.000000e+00 -2.240080e+01 -1.337811e+01
-6.603401e+00 0.000000e+00 -2.240080e+01 1.579740e+01
6.092498e+01 0.000000e+00 1.087297e+01 5.005201e+01
-2.913282e+01 0.000000e+00 1.087297e+01 -4.000579e+01
-1.399569e+01 0.000000e+00 1.983715e+01 -3.383284e+01
5.783809e+01 0.000000e+00 1.983715e+01 3.800094e+01
-1.971668e+01 0.000000e+00 -5.101829e+01 3.130160e+01
-8.960481e+01 0.000000e+00 -5.101829e+01 -3.858652e+01
-3.918852e+01 0.000000e+00 -5.878236e+01 1.959384e+01
-6.615807e+01 0.000000e+00 -5.878236e+01 -7.375706e+00
3.685921e+01 0.000000e+00 3.142655e+01 5.432659e+00
2.461624e+01 0.000000e+00 3.142655e+01 -6.810305e+00
9.310611e+01 0.000000e+00 -3.242892e+01 1.255350e+02
-1.122545e+02 0.000000e+00 -3.242892e+01 -7.982560e+01
1.359513e+02 1.551539e+02 1.551539e+02 1.359513e+02
1.717945e+02 1.551539e+02 1.551539e+02 1.717945e+02
8.758339e+01 0.000000e+00 8.365442e+01 3.928970e+00
7.741517e+01 0.000000e+00 8.365442e+01 -6.239250e+00
-5.706390e+01 0.000000e+00 -2.763908e+01 -2.942481e+01
-4.461185e+00 0.000000e+00 -2.763908e+01 2.317790e+01
8.736389e+01 0.000000e+00 -2.068931e+01 1.080532e+02
-2.187988e+02 0.000000e+00 -2.068931e+01 -1.981095e+02
9.384386e+01 0.000000e+00 7.658889e+01 1.725497e+01
5.748213e+01 0.000000e+00 7.658889e+01 -1.910676e+01
