1.273270e+02 0.000000e+00 1.114397e+02 1.588731e+01
9.998480e+01 0.000000e+00 1.114397e+02 -1.145492e+01
1.023514e+02 0.000000e+00 7.292392e+01 2.942748e+01
3.408603e+01 0.000000e+00 7.292392e+01 -3.883789e+01
7.468678e+01 0.000000e+00 1.911008e+01 5.557670e+01
-3.488119e+01 0.000000e+00 1.911008e+01 -5.399127e+01
8.850487e+01 0.000000e+00 5.493876e+01 3.356610e+01
2.861301e+01 0.000000e+00 5.493876e+01 -2.632576e+01
7.544393e+00 0.000000e+00 -4.147243e+00 1.169164e+01
-1.490714e+01 0.000000e+00 -4.147243e+00 -1.075990e+01
-2.240394e+01 0.000000e+00 1.874342e+01 -4.114736e+01
4.914179e+01 0.000000e+00 1.874342e+01 3.039837e+01
3.735631e+01 0.000000e+00 -1.957904e+00 3.931422e+01
-4.004875e+01 0.000000e+00 -1.957904e+00 -3.809084e+01
4.428411e+00 0.000000e+00 4.437024e+01 -3.994183e+01
1.000393e+02 0.000000e+00 4.437024e+01 5.566909e+01
2.227424e+01 0.000000e+00 2.031662e+01 1.957626e+00
1.869503e+01 0.000000e+00 2.031662e+01 -1.621590e+00
2.673191e+01 0.000000e+00 -3.492980e+01 6.166171e+01
-9.017126e+01 0.000000e+00 -3.492980e+01 -5.524147e+01
2.425346e+01 0.000000e+00 -4.171923e+01 6.597269e+01
-1.022664e+02 0.000000e+00 -4.171923e+01 -6.054720e+01
8.341827e+01 0.000000e+00 8.197070e+01 1.447578e+00
7.962447e+01 0.000000e+00 8.197070e+01 -2.346230e+00
-1.554317e+01 0.000000e+00 -3.718564e+00 -1.182461e+01
5.312082e+00 0.000000e+00 -3.718564e+00 9.030647e+00
2.916490e+01 0.000000e+00 -6.383708e+00 3.554861e+01
-4.990723e+01 0.000000e+00 -6.383708e+00 -4.352352e+01
-2.054240e+01 0.000000e+00 3.421443e+00 -2.396385e+01
2.692982e+01 0.000000e+00 3.421443e+00 2.350838e+01
2.325904e+01 0.000000e+00 3.484423e+01 -1.158519e+01
4.505891e+01 0.000000e+00 3.484423e+01 1.021468e+01
1.860630e+02 0.000000e+00 8.702125e+01 9.904173e+01
-1.706835e+01 0.000000e+00 8.702125e+01 -1.040896e+02
9.567320e+00 0.000000e+00 -2.301667e+01 3.258399e+01
-5.646492e+01 0.000000e+00 -2.301667e+01 -3.344825e+01
1.202959e+01 0.000000e+00 -1.168415e+01 2.371374e+01
-3.244392e+01 0.000000e+00 -1.168415e+01 -2.075978e+01
9.480338e+01 0.000000e+00 1.070313e+01 8.410025e+01
-5.459515e+01 0.000000e+00 1.070313e+01 -6.529828e+01
9.580479e+01 0.000000e+00 -8.608821e+00 1.044136e+02
-1.045151e+02 0.000000e+00 -8.608821e+00 -9.590629e+01
-2.546794e+01 0.000000e+00 -1.769377e+01 -7.774168e+00
-1.000416e+01 0.000000e+00 -1.769377e+01 7.689605e+00
4.064178e-02 0.000000e+00 1.246957e+01 -1.242893e+01
3.167795e+01 0.000000e+00 1.246957e+01 1.920837e+01
-3.642385e+01 0.000000e+00 5.281568e-01 -3.695200e+01
2.524318e+01 0.000000e+00 5.281568e-01 2.471503e+01
7.741401e+01 0.000000e+00 1.357750e+01 6.383651e+01
-1.373120e+02 0.000000e+00 1.357750e+01 -1.508895e+02
2.651460e+02 2.415853e+02 2.415853e+02 2.651460e+02
2.097189e+02 2.415853e+02 2.415853e+02 2.097189e+02
