-3.778152e+01 0.000000e+00 1.285622e+01 -5.063775e+01
8.053041e+01 0.000000e+00 1.285622e+01 6.767419e+01
6.701774e+01 0.000000e+00 -1.143066e+01 7.844839e+01
-5.385217e+01 0.000000e+00 -1.143066e+01 -4.242151e+01
6.449143e+01 0.000000e+00 3.899412e+01 2.549731e+01
1.845389e+01 0.000000e+00 3.899412e+01 -2.054023e+01
1.484563e+02 1.441220e+02 1.441220e+02 1.484563e+02
1.391249e+02 1.441220e+02 1.441220e+02 1.391249e+02
-2.531989e+01 0.000000e+00 -4.616314e+01 2.084325e+01
-6.609097e+01 0.000000e+00 -4.616314e+01 -1.992783e+01
1.711064e+01 0.000000e+00 1.409416e+00 1.570123e+01
-1.379543e+01 0.000000e+00 1.409416e+00 -1.520485e+01
2.846255e+01 0.000000e+00 5.773464e+00 2.268909e+01
-1.332972e+01 0.000000e+00 5.773464e+00 -1.910319e+01
2.909066e+01 0.000000e+00 7.290791e+00 2.179987e+01
-1.359652e+01 0.000000e+00 7.290791e+00 -2.088731e+01
-5.780473e+01 0.000000e+00 -2.986921e+01 -2.793553e+01
-3.986835e+00 0.000000e+00 -2.986921e+01 2.588237e+01
-7.202055e+01 0.000000e+00 -4.234149e+01 -2.967906e+01
-1.834486e+01 0.000000e+00 -4.234149e+01 2.399663e+01
-1.805493e+01 0.000000e+00 -2.573284e+01 7.677906e+00
-3.384013e+01 0.000000e+00 -2.573284e+01 -8.107290e+00
4.171899e+01 0.000000e+00 -2.827471e+00 4.454646e+01
-5.256110e+01 0.000000e+00 -2.827471e+00 -4.973363e+01
2.713751e+01 0.000000e+00 1.847612e+01 8.661392e+00
8.031082e+00 0.000000e+00 1.847612e+01 -1.044504e+01
2.639342e+01 0.000000e+00 1.662449e+01 9.768927e+00
6.281575e+00 0.000000e+00 1.662449e+01 -1.034291e+01
3.110905e+01 0.000000e+00 -1.831931e+01 4.942836e+01
-6.132539e+01 0.000000e+00 -1.831931e+01 -4.300608e+01
1.677917e+01 0.000000e+00 2.820269e+01 -1.142352e+01
3.804561e+01 0.000000e+00 2.820269e+01 9.842918e+00
-2.317672e+01 0.000000e+00 1.581065e+01 -3.898737e+01
5.559570e+01 0.000000e+00 1.581065e+01 3.978505e+01
-3.808634e+00 0.000000e+00 -1.070480e+01 6.896170e+00
-1.787472e+01 0.000000e+00 -1.070480e+01 -7.169920e+00
-7.884137e+01 0.000000e+00 -4.786629e+01 -3.097507e+01
-4.179506e+01 0.000000e+00 -4.786629e+01 6.071236e+00
4.854527e-01 0.000000e+00 5.996234e+00 -5.510781e+00
1.232038e+01 0.000000e+00 5.996234e+00 6.324144e+00
3.413259e+00 0.000000e+00 2.425451e+01 -2.084125e+01
4.371770e+01 0.000000e+00 2.425451e+01 1.946319e+01
4.582932e+00 0.000000e+00 7.774939e+00 -3.192007e+00
9.722879e+00 0.000000e+00 7.774939e+00 1.947941e+00
-5.674135e+01 0.000000e+00 -1.078259e+01 -4.595876e+01
5.729935e+01 0.000000e+00 -1.078259e+01 6.808193e+01
-1.452462e+01 0.000000e+00 6.357785e-01 -1.516040e+01
1.309706e+01 0.000000e+00 6.357785e-01 1.246128e+01
8.169895e+00 0.000000e+00 -3.155212e+01 3.972202e+01
-8.111983e+01 0.000000e+00 -3.155212e+01 -4.956771e+01
9.983852e+01 0.000000e+00 6.108504e+01 3.875347e+01
1.428462e+01 0.000000e+00 6.108504e+01 -4.680043e+01
