2.247800e+02 3.786032e+02 3.786032e+02 2.247800e+02
5.000532e+02 3.786032e+02 3.786032e+02 5.000532e+02
2.645640e+00 0.000000e+00 -2.461972e+01 2.726536e+01
-4.888775e+01 0.000000e+00 -2.461972e+01 -2.426802e+01
3.869004e+02 0.000000e+00 3.005139e+02 8.638647e+01
2.006795e+02 0.000000e+00 3.005139e+02 -9.983435e+01
-4.013694e+01 0.000000e+00 -1.736131e+01 -2.277563e+01
1.996312e+00 0.000000e+00 -1.736131e+01 1.935763e+01
2.839693e+02 0.000000e+00 1.361641e+02 1.478053e+02
-1.382416e+02 0.000000e+00 1.361641e+02 -2.744056e+02
-1.864561e+02 0.000000e+00 7.919153e+01 -2.656476e+02
3.101636e+02 0.000000e+00 7.919153e+01 2.309720e+02
1.025635e+02 0.000000e+00 6.803085e+01 3.453266e+01
4.023138e+01 0.000000e+00 6.803085e+01 -2.779947e+01
4.999973e+01 0.000000e+00 -1.100055e+01 6.100028e+01
-9.398935e+01 0.000000e+00 -1.100055e+01 -8.298880e+01
-3.559021e+01 0.000000e+00 -3.051454e+00 -3.253875e+01
3.031720e+01 0.000000e+00 -3.051454e+00 3.336865e+01
-1.970594e+01 0.000000e+00 8.235705e+00 -2.794165e+01
3.378423e+01 0.000000e+00 8.235705e+00 2.554852e+01
-1.087219e+02 0.000000e+00 -7.146868e+01 -3.725323e+01
-4.936610e+01 0.000000e+00 -7.146868e+01 2.210258e+01
-1.440076e+01 0.000000e+00 2.128279e+01 -3.568355e+01
7.489146e+01 0.000000e+00 2.128279e+01 5.360868e+01
-3.711664e+01 0.000000e+00 -8.193275e+01 4.481612e+01
-1.297221e+02 0.000000e+00 -8.193275e+01 -4.778938e+01
3.407287e+00 0.000000e+00 -6.347538e+01 6.688267e+01
-1.403793e+02 0.000000e+00 -6.347538e+01 -7.690389e+01
-2.160942e+01 0.000000e+00 3.605626e+01 -5.766567e+01
1.003059e+02 0.000000e+00 3.605626e+01 6.424961e+01
1.224937e+02 0.000000e+00 1.749968e+01 1.049941e+02
-8.674265e+01 0.000000e+00 1.749968e+01 -1.042423e+02
1.044733e+02 0.000000e+00 9.124751e+01 1.322579e+01
7.970378e+01 0.000000e+00 9.124751e+01 -1.154373e+01
3.766477e+01 0.000000e+00 -3.690474e+01 7.456951e+01
-1.635465e+02 0.000000e+00 -3.690474e+01 -1.266418e+02
-6.246042e+00 0.000000e+00 -1.153585e+00 -5.092458e+00
2.483992e+00 0.000000e+00 -1.153585e+00 3.637577e+00
3.517328e+02 0.000000e+00 2.236537e+02 1.280791e+02
8.708595e+01 0.000000e+00 2.236537e+02 -1.365677e+02
1.212909e+02 0.000000e+00 8.298917e+01 3.830170e+01
4.905223e+01 0.000000e+00 8.298917e+01 -3.393695e+01
-1.940178e+01 0.000000e+00 4.888266e+01 -6.828445e+01
1.063531e+02 0.000000e+00 4.888266e+01 5.747039e+01
5.286401e+01 0.000000e+00 5.130871e+01 1.555298e+00
4.904411e+01 0.000000e+00 5.130871e+01 -2.264599e+00
-6.181359e+01 0.000000e+00 -3.611713e+01 -2.569646e+01
-5.377481e+00 0.000000e+00 -3.611713e+01 3.073965e+01
-4.946709e+00 0.000000e+00 -2.132467e+01 1.637796e+01
-4.592958e+01 0.000000e+00 -2.132467e+01 -2.460491e+01
7.036337e+01 0.000000e+00 1.539674e+01 5.496662e+01
-3.538943e+01 0.000000e+00 1.539674e+01 -5.078617e+01
