7.417993e+01 0.000000e+00 1.799018e+02 -1.057218e+02
2.834967e+02 0.000000e+00 1.799018e+02 1.035949e+02
7.306766e+01 0.000000e+00 6.472102e+01 8.346634e+00
5.763530e+01 0.000000e+00 6.472102e+01 -7.085724e+00
1.928437e+02 0.000000e+00 1.928817e+02 -3.799438e-02
1.929128e+02 0.000000e+00 1.928817e+02 3.106689e-02
1.534712e+02 0.000000e+00 1.043534e+02 4.911783e+01
5.453048e+01 0.000000e+00 1.043534e+02 -4.982288e+01
1.649441e+02 0.000000e+00 8.448864e+01 8.045542e+01
-1.993241e+01 0.000000e+00 8.448864e+01 -1.044210e+02
-1.477919e+01 0.000000e+00 4.664212e+01 -6.142131e+01
9.699966e+01 0.000000e+00 4.664212e+01 5.035754e+01
4.300457e+01 0.000000e+00 7.810906e+01 -3.510449e+01
1.209683e+02 0.000000e+00 7.810906e+01 4.285919e+01
4.851852e+01 0.000000e+00 2.885995e+01 1.965857e+01
1.304514e+01 0.000000e+00 2.885995e+01 -1.581481e+01
4.087050e+01 0.000000e+00 3.921783e+01 1.652672e+00
3.756516e+01 0.000000e+00 3.921783e+01 -1.652672e+00
4.205500e+01 0.000000e+00 1.355213e+01 2.850287e+01
-2.512394e+00 0.000000e+00 1.355213e+01 -1.606452e+01
-5.013645e+01 0.000000e+00 2.084811e+01 -7.098456e+01
6.716264e+01 0.000000e+00 2.084811e+01 4.631453e+01
1.765021e+02 1.851727e+02 1.851727e+02 1.765021e+02
1.932651e+02 1.851727e+02 1.851727e+02 1.932651e+02
1.168655e+02 0.000000e+00 1.292814e+01 1.039373e+02
-1.008484e+02 0.000000e+00 1.292814e+01 -1.137766e+02
9.646643e+00 0.000000e+00 -5.597553e+00 1.524420e+01
-2.054726e+01 0.000000e+00 -5.597553e+00 -1.494971e+01
1.262014e+02 0.000000e+00 1.368942e+02 -1.069278e+01
1.534947e+02 0.000000e+00 1.368942e+02 1.660048e+01
5.674891e+00 0.000000e+00 5.395480e+01 -4.827991e+01
1.084629e+02 0.000000e+00 5.395480e+01 5.450813e+01
1.867626e+01 0.000000e+00 3.158837e+01 -1.291211e+01
4.630816e+01 0.000000e+00 3.158837e+01 1.471979e+01
6.058876e+01 0.000000e+00 4.859821e+00 5.572894e+01
-4.989400e+01 0.000000e+00 4.859821e+00 -5.475383e+01
-5.871599e+00 0.000000e+00 -1.351588e+01 7.644280e+00
-1.681297e+01 0.000000e+00 -1.351588e+01 -3.297090e+00
-3.028648e+01 0.000000e+00 -5.860324e+00 -2.442615e+01
1.790998e+01 0.000000e+00 -5.860324e+00 2.377030e+01
7.501765e+01 0.000000e+00 1.012619e+02 -2.624430e+01
1.252759e+02 0.000000e+00 1.012619e+02 2.401398e+01
3.771415e+01 0.000000e+00 2.892425e+01 8.789892e+00
2.320134e+01 0.000000e+00 2.892425e+01 -5.722914e+00
6.252741e+01 0.000000e+00 7.909483e+01 -1.656742e+01
1.057231e+02 0.000000e+00 7.909483e+01 2.662826e+01
8.377197e+01 0.000000e+00 7.981636e+01 3.955612e+00
7.384286e+01 0.000000e+00 7.981636e+01 -5.973503e+00
2.019628e+01 0.000000e+00 6.209392e+00 1.398689e+01
-1.091653e+01 0.000000e+00 6.209392e+00 -1.712592e+01
2.911812e+01 0.000000e+00 1.497580e+01 1.414232e+01
-2.329860e+00 0.000000e+00 1.497580e+01 -1.730566e+01
