1.336235e+02 0.000000e+00 2.076426e+02 -7.401910e+01
2.667240e+02 0.000000e+00 2.076426e+02 5.908147e+01
4.199362e+01 0.000000e+00 -4.421932e+01 8.621294e+01
-9.747316e+01 0.000000e+00 -4.421932e+01 -5.325384e+01
5.939861e+01 0.000000e+00 1.218059e+02 -6.240725e+01
1.849109e+02 0.000000e+00 1.218059e+02 6.310502e+01
2.737479e+01 0.000000e+00 6.906617e+01 -4.169138e+01
1.305842e+02 0.000000e+00 6.906617e+01 6.151806e+01
-3.992988e+01 0.000000e+00 -4.614969e+01 6.219810e+00
-5.622195e+01 0.000000e+00 -4.614969e+01 -1.007226e+01
-1.078702e+01 0.000000e+00 2.231230e+01 -3.309931e+01
6.413343e+01 0.000000e+00 2.231230e+01 4.182113e+01
9.111885e+00 0.000000e+00 5.491441e+01 -4.580253e+01
1.248185e+02 0.000000e+00 5.491441e+01 6.990412e+01
2.304766e+01 0.000000e+00 6.724008e+01 -4.419243e+01
1.139280e+02 0.000000e+00 6.724008e+01 4.668791e+01
5.041452e+01 0.000000e+00 5.257793e+01 -2.163414e+00
5.500196e+01 0.000000e+00 5.257793e+01 2.424030e+00
3.171176e+01 0.000000e+00 9.956259e+01 -6.785083e+01
1.392402e+02 0.000000e+00 9.956259e+01 3.967763e+01
-8.948926e+01 0.000000e+00 1.404554e+01 -1.035348e+02
1.054894e+02 0.000000e+00 1.404554e+01 9.144390e+01
6.743912e+01 0.000000e+00 9.015339e+00 5.842378e+01
-9.123386e+01 0.000000e+00 9.015339e+00 -1.002492e+02
1.156297e+02 0.000000e+00 1.771258e+01 9.791708e+01
-1.512223e+02 0.000000e+00 1.771258e+01 -1.689349e+02
3.055706e-01 0.000000e+00 2.311867e+01 -2.281310e+01
5.137384e+01 0.000000e+00 2.311867e+01 2.825517e+01
6.807613e+01 0.000000e+00 8.743528e+01 -1.935915e+01
1.095766e+02 0.000000e+00 8.743528e+01 2.214127e+01
2.970832e+02 3.212408e+02 3.212408e+02 2.970832e+02
3.455076e+02 3.212408e+02 3.212408e+02 3.455076e+02
5.961315e+01 0.000000e+00 -2.351528e+01 8.312843e+01
-6.262514e+01 0.000000e+00 -2.351528e+01 -3.910986e+01
3.056207e+01 0.000000e+00 3.790826e+00 2.677124e+01
-3.462977e+01 0.000000e+00 3.790826e+00 -3.842059e+01
1.760505e+01 0.000000e+00 -7.411433e+01 9.171938e+01
-1.381169e+02 0.000000e+00 -7.411433e+01 -6.400261e+01
-1.075500e+02 0.000000e+00 -3.333228e+00 -1.042168e+02
8.901815e+01 0.000000e+00 -3.333228e+00 9.235138e+01
-4.505057e+01 0.000000e+00 4.094674e+01 -8.599731e+01
8.863501e+01 0.000000e+00 4.094674e+01 4.768827e+01
-1.079316e+02 0.000000e+00 3.693861e+01 -1.448702e+02
1.135302e+02 0.000000e+00 3.693861e+01 7.659160e+01
1.363332e+02 0.000000e+00 1.758588e+02 -3.952563e+01
2.549534e+02 0.000000e+00 1.758588e+02 7.909453e+01
1.827785e+02 0.000000e+00 1.174089e+02 6.536954e+01
4.423014e+01 0.000000e+00 1.174089e+02 -7.317881e+01
-6.624203e+01 0.000000e+00 -7.376286e+01 7.520836e+00
-8.247112e+01 0.000000e+00 -7.376286e+01 -8.708252e+00
1.387253e+02 0.000000e+00 9.278944e+01 4.593591e+01
5.298117e+01 0.000000e+00 9.278944e+01 -3.980826e+01
