1.422387e+01 0.000000e+00 1.234849e+01 1.875381e+00
1.002352e+01 0.000000e+00 1.234849e+01 -2.324972e+00
6.375876e+01 0.000000e+00 3.305585e+01 3.070290e+01
-1.366637e+01 0.000000e+00 3.305585e+01 -4.672222e+01
1.396385e+02 0.000000e+00 6.890180e+01 7.073666e+01
1.146872e+01 0.000000e+00 6.890180e+01 -5.743308e+01
-7.998982e+01 0.000000e+00 -5.802423e+01 -2.196560e+01
-3.985207e+01 0.000000e+00 -5.802423e+01 1.817216e+01
1.930481e+02 0.000000e+00 7.126201e+00 1.859219e+02
-1.710831e+02 0.000000e+00 7.126201e+00 -1.782093e+02
-4.081184e+01 0.000000e+00 -3.237862e+00 -3.757397e+01
4.731319e+01 0.000000e+00 -3.237862e+00 5.055106e+01
-1.543846e+01 0.000000e+00 -1.282715e+01 -2.611306e+00
-1.005824e+01 0.000000e+00 -1.282715e+01 2.768911e+00
3.907189e-01 0.000000e+00 6.415794e+01 -6.376722e+01
1.203875e+02 0.000000e+00 6.415794e+01 5.622951e+01
-8.721385e+01 0.000000e+00 -9.415668e+01 6.942833e+00
-1.007038e+02 0.000000e+00 -9.415668e+01 -6.547073e+00
7.880650e+01 0.000000e+00 5.326852e+01 2.553799e+01
3.154830e+01 0.000000e+00 5.326852e+01 -2.172022e+01
1.949111e+02 1.753623e+02 1.753623e+02 1.949111e+02
1.601717e+02 1.753623e+02 1.753623e+02 1.601717e+02
-3.877623e+01 0.000000e+00 -4.636381e+01 7.587578e+00
-5.647404e+01 0.000000e+00 -4.636381e+01 -1.011023e+01
-8.803408e+01 0.000000e+00 -5.561183e+01 -3.242225e+01
-1.710617e+01 0.000000e+00 -5.561183e+01 3.850566e+01
1.353665e+02 0.000000e+00 9.901623e+01 3.635023e+01
4.174028e+01 0.000000e+00 9.901623e+01 -5.727595e+01
9.116036e+00 0.000000e+00 4.788891e+00 4.327146e+00
9.678760e-01 0.000000e+00 4.788891e+00 -3.821015e+00
-9.316428e+01 0.000000e+00 -1.033198e+02 1.015549e+01
-1.096346e+02 0.000000e+00 -1.033198e+02 -6.314812e+00
1.215591e+02 0.000000e+00 2.018014e+01 1.013790e+02
-1.144754e+02 0.000000e+00 2.018014e+01 -1.346556e+02
-1.248749e+02 0.000000e+00 -5.414670e+01 -7.072817e+01
1.319706e+01 0.000000e+00 -5.414670e+01 6.734376e+01
6.648997e+01 0.000000e+00 6.659409e+01 -1.041260e-01
6.664062e+01 0.000000e+00 6.659409e+01 4.653168e-02
2.521121e+02 0.000000e+00 7.440497e+01 1.777071e+02
-1.692263e+02 0.000000e+00 7.440497e+01 -2.436313e+02
-4.552759e+01 0.000000e+00 -2.784730e+01 -1.768029e+01
-1.317692e+01 0.000000e+00 -2.784730e+01 1.467038e+01
-2.753670e+01 0.000000e+00 -4.671975e+00 -2.286472e+01
1.273722e+01 0.000000e+00 -4.671975e+00 1.740919e+01
8.362188e+01 0.000000e+00 7.854527e+01 5.076607e+00
7.399514e+01 0.000000e+00 7.854527e+01 -4.550133e+00
2.372578e+02 0.000000e+00 1.635547e+02 7.370309e+01
1.364762e+02 0.000000e+00 1.635547e+02 -2.707848e+01
1.243938e+02 0.000000e+00 -4.081674e+00 1.284755e+02
-2.803214e+02 0.000000e+00 -4.081674e+00 -2.762397e+02
6.806156e+01 0.000000e+00 4.893356e+01 1.912800e+01
2.286170e+01 0.000000e+00 4.893356e+01 -2.607186e+01
