1.215208e+01 0.000000e+00 8.112672e+01 -6.897464e+01
1.360528e+02 0.000000e+00 8.112672e+01 5.492604e+01
3.492694e+01 0.000000e+00 6.166973e+00 2.875997e+01
-1.885607e+01 0.000000e+00 6.166973e+00 -2.502304e+01
5.562918e+01 0.000000e+00 1.385009e+02 -8.287176e+01
1.966109e+02 0.000000e+00 1.385009e+02 5.810992e+01
1.217845e+02 0.000000e+00 7.965075e+01 4.213371e+01
2.987710e+01 0.000000e+00 7.965075e+01 -4.977365e+01
7.484625e+01 0.000000e+00 1.348771e+01 6.135855e+01
-6.294426e+01 0.000000e+00 1.348771e+01 -7.643196e+01
9.899968e+01 0.000000e+00 7.560272e+01 2.339696e+01
3.539640e+01 0.000000e+00 7.560272e+01 -4.020632e+01
1.847533e+02 0.000000e+00 2.266620e+02 -4.190872e+01
2.811487e+02 0.000000e+00 2.266620e+02 5.448666e+01
6.075804e+00 0.000000e+00 8.876585e+01 -8.269005e+01
2.188442e+02 0.000000e+00 8.876585e+01 1.300784e+02
-7.790630e+01 0.000000e+00 3.318621e+01 -1.110925e+02
1.276527e+02 0.000000e+00 3.318621e+01 9.446653e+01
7.013258e+01 0.000000e+00 -1.548263e+01 8.561522e+01
-7.272391e+01 0.000000e+00 -1.548263e+01 -5.724127e+01
-6.839653e+01 0.000000e+00 1.081839e+00 -6.947837e+01
5.244267e+01 0.000000e+00 1.081839e+00 5.136083e+01
3.512565e+01 0.000000e+00 2.664180e+01 8.483850e+00
1.491140e+01 0.000000e+00 2.664180e+01 -1.173039e+01
6.817178e+01 0.000000e+00 4.089553e+01 2.727625e+01
1.265045e+01 0.000000e+00 4.089553e+01 -2.824508e+01
-1.059102e+02 0.000000e+00 -2.927652e+01 -7.663366e+01
5.268904e+01 0.000000e+00 -2.927652e+01 8.196556e+01
6.321424e+00 0.000000e+00 2.408134e+01 -1.775991e+01
4.843344e+01 0.000000e+00 2.408134e+01 2.435211e+01
1.241966e+02 0.000000e+00 4.283408e+01 8.136250e+01
-2.397128e+01 0.000000e+00 4.283408e+01 -6.680535e+01
7.842294e+01 0.000000e+00 7.694976e+01 1.473175e+00
7.530530e+01 0.000000e+00 7.694976e+01 -1.644463e+00
-4.491655e+01 0.000000e+00 -5.296577e+01 8.049221e+00
-6.193159e+01 0.000000e+00 -5.296577e+01 -8.965816e+00
-1.778798e+02 0.000000e+00 -5.450031e+01 -1.233795e+02
-1.062540e+01 0.000000e+00 -5.450031e+01 4.387491e+01
-1.506547e+02 0.000000e+00 -1.024252e+02 -4.822952e+01
-3.970122e+01 0.000000e+00 -1.024252e+02 6.272398e+01
3.524384e+02 3.198037e+02 3.198037e+02 3.524384e+02
2.992899e+02 3.198037e+02 3.198037e+02 2.992899e+02
-1.678677e+00 0.000000e+00 6.132215e+01 -6.300083e+01
1.206266e+02 0.000000e+00 6.132215e+01 5.930446e+01
-6.159279e+00 0.000000e+00 9.793626e+01 -1.040955e+02
2.175651e+02 0.000000e+00 9.793626e+01 1.196289e+02
3.421651e+01 0.000000e+00 -1.588334e+01 5.009985e+01
-7.044791e+01 0.000000e+00 -1.588334e+01 -5.456457e+01
-1.549556e+01 0.000000e+00 -3.282560e+01 1.733004e+01
-5.758309e+01 0.000000e+00 -3.282560e+01 -2.475749e+01
5.057218e+01 0.000000e+00 2.813723e+01 2.243495e+01
-2.208843e-01 0.000000e+00 2.813723e+01 -2.835811e+01
