1.034297e+02 0.000000e+00 3.155053e+01 7.187914e+01
-1.627685e+01 0.000000e+00 3.155053e+01 -4.782738e+01
1.289570e+02 0.000000e+00 -7.038832e-01 1.296609e+02
-8.016341e+01 0.000000e+00 -7.038832e-01 -7.945952e+01
2.347569e+01 0.000000e+00 3.425428e+01 -1.077859e+01
4.453407e+01 0.000000e+00 3.425428e+01 1.027979e+01
-5.185019e+01 0.000000e+00 7.200939e+00 -5.905112e+01
6.570505e+01 0.000000e+00 7.200939e+00 5.850411e+01
-4.085886e+01 0.000000e+00 -3.164404e+01 -9.214813e+00
-1.896909e+01 0.000000e+00 -3.164404e+01 1.267495e+01
-5.130237e+01 0.000000e+00 -2.801652e+01 -2.328585e+01
6.370459e-01 0.000000e+00 -2.801652e+01 2.865356e+01
8.560603e+00 0.000000e+00 -1.228264e+01 2.084324e+01
-3.755634e+01 0.000000e+00 -1.228264e+01 -2.527370e+01
-2.302932e+01 0.000000e+00 -1.410458e+01 -8.924745e+00
-4.175901e+00 0.000000e+00 -1.410458e+01 9.928678e+00
4.211685e+01 0.000000e+00 2.843289e+01 1.368396e+01
1.714978e+01 0.000000e+00 2.843289e+01 -1.128311e+01
-6.406966e+01 0.000000e+00 3.035166e+01 -9.442132e+01
9.204534e+01 0.000000e+00 3.035166e+01 6.169368e+01
-5.412733e+01 0.000000e+00 -4.465493e+01 -9.472404e+00
-3.386090e+01 0.000000e+00 -4.465493e+01 1.079403e+01
-2.085823e+01 0.000000e+00 -2.131554e+01 4.573078e-01
-2.197963e+01 0.000000e+00 -2.131554e+01 -6.640930e-01
1.524612e+02 1.178687e+02 1.178687e+02 1.524612e+02
7.721877e+01 1.178687e+02 1.178687e+02 7.721877e+01
-7.527747e+01 0.000000e+00 -1.060076e+00 -7.421739e+01
9.684235e+01 0.000000e+00 -1.060076e+00 9.790242e+01
-4.430875e+01 0.000000e+00 -1.607450e-01 -4.414801e+01
4.498861e+01 0.000000e+00 -1.607450e-01 4.514935e+01
3.572223e+01 0.000000e+00 -8.138969e-01 3.653613e+01
-3.440051e+01 0.000000e+00 -8.138969e-01 -3.358661e+01
3.651571e+01 0.000000e+00 9.799562e+00 2.671614e+01
-2.290369e+01 0.000000e+00 9.799562e+00 -3.270325e+01
-9.259250e+01 0.000000e+00 -6.976194e+01 -2.283056e+01
-4.972059e+01 0.000000e+00 -6.976194e+01 2.004135e+01
-4.744727e+01 0.000000e+00 1.501893e+01 -6.246620e+01
2.937347e+01 0.000000e+00 1.501893e+01 1.435455e+01
-8.908699e+00 0.000000e+00 6.031315e+00 -1.494001e+01
1.937430e+01 0.000000e+00 6.031315e+00 1.334299e+01
9.060081e+01 0.000000e+00 4.024031e+01 5.036051e+01
-1.879984e+01 0.000000e+00 4.024031e+01 -5.904014e+01
2.969833e+01 0.000000e+00 2.225369e+01 7.444633e+00
1.195119e+01 0.000000e+00 2.225369e+01 -1.030251e+01
1.167234e+01 0.000000e+00 5.809471e+01 -4.642236e+01
1.341751e+02 0.000000e+00 5.809471e+01 7.608040e+01
-8.876250e+01 0.000000e+00 -3.874805e+01 -5.001445e+01
4.599514e+00 0.000000e+00 -3.874805e+01 4.334756e+01
1.758994e+01 0.000000e+00 8.641220e+00 8.948723e+00
-1.462734e+01 0.000000e+00 8.641220e+00 -2.326856e+01
-5.117422e+01 0.000000e+00 -1.038826e+02 5.270842e+01
-1.543267e+02 0.000000e+00 -1.038826e+02 -5.044404e+01
