3.011074e+01 0.000000e+00 9.002614e+01 -5.991540e+01
1.400061e+02 0.000000e+00 9.002614e+01 4.997992e+01
4.137964e+01 0.000000e+00 -2.575841e+00 4.395549e+01
-4.342217e+01 0.000000e+00 -2.575841e+00 -4.084632e+01
1.267185e+02 0.000000e+00 1.106438e+02 1.607469e+01
9.542148e+01 0.000000e+00 1.106438e+02 -1.522230e+01
1.565086e+00 0.000000e+00 -1.247380e+01 1.403889e+01
-3.763515e+01 0.000000e+00 -1.247380e+01 -2.516134e+01
1.296055e+02 0.000000e+00 5.441101e+01 7.519453e+01
-4.352160e+01 0.000000e+00 5.441101e+01 -9.793261e+01
8.266078e+01 0.000000e+00 5.569914e+01 2.696164e+01
2.648896e+01 0.000000e+00 5.569914e+01 -2.921018e+01
5.386997e+01 0.000000e+00 6.501742e+01 -1.114745e+01
8.016018e+01 0.000000e+00 6.501742e+01 1.514276e+01
-3.722678e+01 0.000000e+00 5.632811e+01 -9.355488e+01
1.225191e+02 0.000000e+00 5.632811e+01 6.619101e+01
4.090228e+01 0.000000e+00 4.831738e+01 -7.415104e+00
5.595723e+01 0.000000e+00 4.831738e+01 7.639850e+00
9.544707e+01 0.000000e+00 4.126257e+01 5.418450e+01
2.255635e+00 0.000000e+00 4.126257e+01 -3.900694e+01
2.193354e+01 0.000000e+00 2.905549e+01 -7.121947e+00
3.027720e+01 0.000000e+00 2.905549e+01 1.221707e+00
1.153362e+02 0.000000e+00 7.466041e+01 4.067575e+01
1.379699e+00 0.000000e+00 7.466041e+01 -7.328071e+01
-2.210337e+01 0.000000e+00 -7.873843e+01 5.663505e+01
-1.458208e+02 0.000000e+00 -7.873843e+01 -6.708235e+01
3.961768e+01 0.000000e+00 4.191117e+01 -2.293493e+00
4.300448e+01 0.000000e+00 4.191117e+01 1.093305e+00
1.920253e+02 1.964010e+02 1.964010e+02 1.920253e+02
2.049489e+02 1.964010e+02 1.964010e+02 2.049489e+02
9.316110e+01 0.000000e+00 6.887342e+01 2.428769e+01
4.693487e+01 0.000000e+00 6.887342e+01 -2.193854e+01
4.814341e+01 0.000000e+00 6.275409e+01 -1.461068e+01
7.882716e+01 0.000000e+00 6.275409e+01 1.607307e+01
7.856199e+01 0.000000e+00 1.805942e+01 6.050257e+01
-5.025333e+01 0.000000e+00 1.805942e+01 -6.831276e+01
7.061522e+01 0.000000e+00 1.408649e+00 6.920657e+01
-2.995825e+01 0.000000e+00 1.408649e+00 -3.136690e+01
-5.760412e+01 0.000000e+00 4.539542e-01 -5.805808e+01
6.812225e+01 0.000000e+00 4.539542e-01 6.766830e+01
5.749405e+01 0.000000e+00 3.625737e+01 2.123668e+01
2.009568e+01 0.000000e+00 3.625737e+01 -1.616169e+01
5.776629e+01 0.000000e+00 3.555829e+01 2.220800e+01
1.947507e+01 0.000000e+00 3.555829e+01 -1.608322e+01
9.449923e+01 0.000000e+00 1.146709e+02 -2.017163e+01
1.431514e+02 0.000000e+00 1.146709e+02 2.848055e+01
2.875903e+01 0.000000e+00 2.485372e+01 3.905306e+00
2.113112e+01 0.000000e+00 2.485372e+01 -3.722599e+00
1.177679e+01 0.000000e+00 9.774203e+00 2.002584e+00
8.090980e+00 0.000000e+00 9.774203e+00 -1.683223e+00
6.161340e+00 0.000000e+00 1.567775e+01 -9.516405e+00
2.668680e+01 0.000000e+00 1.567775e+01 1.100906e+01
