-6.781292e+00 0.000000e+00 1.031088e+02 -1.098901e+02
1.806973e+02 0.000000e+00 1.031088e+02 7.758843e+01
2.587168e+01 0.000000e+00 1.840949e+01 7.462193e+00
1.297620e+01 0.000000e+00 1.840949e+01 -5.433294e+00
-4.528600e+00 0.000000e+00 1.045733e+02 -1.091019e+02
1.805438e+02 0.000000e+00 1.045733e+02 7.597046e+01
6.127289e+00 0.000000e+00 1.761837e+01 -1.149108e+01
2.832943e+01 0.000000e+00 1.761837e+01 1.071106e+01
7.130206e+01 0.000000e+00 -2.014719e+01 9.144925e+01
-1.842450e+02 0.000000e+00 -2.014719e+01 -1.640978e+02
4.073207e+01 0.000000e+00 6.510165e+01 -2.436957e+01
8.808819e+01 0.000000e+00 6.510165e+01 2.298654e+01
9.723211e+01 0.000000e+00 7.644035e+01 2.079176e+01
4.572490e+01 0.000000e+00 7.644035e+01 -3.071546e+01
2.656775e+02 3.068019e+02 3.068019e+02 2.656775e+02
3.429523e+02 3.068019e+02 3.068019e+02 3.429523e+02
1.273371e+02 0.000000e+00 4.520312e+01 8.213400e+01
-6.656687e+01 0.000000e+00 4.520312e+01 -1.117700e+02
7.758294e+01 0.000000e+00 2.444609e+01 5.313685e+01
-2.573946e+01 0.000000e+00 2.444609e+01 -5.018555e+01
2.959389e+01 0.000000e+00 5.185420e+01 -2.226031e+01
7.589404e+01 0.000000e+00 5.185420e+01 2.403984e+01
6.005840e+01 0.000000e+00 4.199143e+01 1.806696e+01
1.698125e+01 0.000000e+00 4.199143e+01 -2.501019e+01
-5.875256e+01 0.000000e+00 -1.816885e+01 -4.058371e+01
1.941939e+01 0.000000e+00 -1.816885e+01 3.758824e+01
6.855045e+00 0.000000e+00 -7.911885e+01 8.597390e+01
-1.780635e+02 0.000000e+00 -7.911885e+01 -9.894469e+01
1.152660e+01 0.000000e+00 5.057380e+00 6.469222e+00
-2.896049e+00 0.000000e+00 5.057380e+00 -7.953429e+00
1.211142e+02 0.000000e+00 7.481136e+01 4.630283e+01
1.578215e+01 0.000000e+00 7.481136e+01 -5.902921e+01
6.824613e+01 0.000000e+00 2.613743e+01 4.210870e+01
-6.036924e+00 0.000000e+00 2.613743e+01 -3.217436e+01
7.817294e+01 0.000000e+00 4.756306e+01 3.060987e+01
-2.117272e+00 0.000000e+00 4.756306e+01 -4.968033e+01
-4.956491e+01 0.000000e+00 -5.538109e+01 5.816181e+00
-5.732343e+01 0.000000e+00 -5.538109e+01 -1.942337e+00
-7.696658e+01 0.000000e+00 -4.611293e+01 -3.085366e+01
-1.342044e+01 0.000000e+00 -4.611293e+01 3.269249e+01
6.080116e+01 0.000000e+00 -6.487218e+00 6.728838e+01
-6.071778e+01 0.000000e+00 -6.487218e+00 -5.423057e+01
1.320514e+02 0.000000e+00 6.445989e+01 6.759147e+01
2.224442e+01 0.000000e+00 6.445989e+01 -4.221547e+01
2.739050e+01 0.000000e+00 3.950152e+01 -1.211102e+01
5.353167e+01 0.000000e+00 3.950152e+01 1.403015e+01
-2.667121e+01 0.000000e+00 -1.892469e+01 -7.746523e+00
-1.084131e+01 0.000000e+00 -1.892469e+01 8.083383e+00
1.273025e+02 0.000000e+00 8.679071e+01 4.051181e+01
1.639099e+01 0.000000e+00 8.679071e+01 -7.039972e+01
6.511086e+01 0.000000e+00 6.806830e+01 -2.957443e+00
7.102918e+01 0.000000e+00 6.806830e+01 2.960884e+00
