2.221122e+01 0.000000e+00 -4.790483e+00 2.700170e+01
-1.815723e+01 0.000000e+00 -4.790483e+00 -1.336675e+01
-6.812367e+01 0.000000e+00 -2.714341e+01 -4.098026e+01
5.045237e+00 0.000000e+00 -2.714341e+01 3.218865e+01
1.104466e+02 0.000000e+00 5.794834e+01 5.249823e+01
1.694716e+01 0.000000e+00 5.794834e+01 -4.100118e+01
2.440877e+01 0.000000e+00 6.556698e+01 -4.115821e+01
1.137502e+02 0.000000e+00 6.556698e+01 4.818317e+01
3.442739e+01 0.000000e+00 -2.430291e+01 5.873030e+01
-9.513604e+01 0.000000e+00 -2.430291e+01 -7.083313e+01
6.018773e+01 0.000000e+00 -6.595158e+00 6.678289e+01
-8.059431e+01 0.000000e+00 -6.595158e+00 -7.399915e+01
9.100538e+00 0.000000e+00 -2.774429e+01 3.684483e+01
-7.754041e+01 0.000000e+00 -2.774429e+01 -4.979612e+01
-2.598022e+01 0.000000e+00 -2.879073e+01 2.810511e+00
-3.292157e+01 0.000000e+00 -2.879073e+01 -4.130844e+00
-8.552376e+01 0.000000e+00 -6.327715e+01 -2.224660e+01
-4.238094e+01 0.000000e+00 -6.327715e+01 2.089621e+01
1.334057e+02 0.000000e+00 6.943040e+01 6.397527e+01
2.091286e+01 0.000000e+00 6.943040e+01 -4.851754e+01
-1.563971e+01 0.000000e+00 1.601956e+01 -3.165927e+01
4.690250e+01 0.000000e+00 1.601956e+01 3.088294e+01
2.613491e+01 0.000000e+00 2.900705e+01 -2.872133e+00
3.228738e+01 0.000000e+00 2.900705e+01 3.280333e+00
-1.040260e+02 0.000000e+00 -3.563185e+01 -6.839412e+01
4.534491e+01 0.000000e+00 -3.563185e+01 8.097676e+01
1.942111e+02 2.236898e+02 2.236898e+02 1.942111e+02
2.614014e+02 2.236898e+02 2.236898e+02 2.614014e+02
9.966063e+00 0.000000e+00 -1.181672e+01 2.178278e+01
-3.246342e+01 0.000000e+00 -1.181672e+01 -2.064670e+01
1.165504e+01 0.000000e+00 -1.556398e+01 2.721902e+01
-4.131668e+01 0.000000e+00 -1.556398e+01 -2.575270e+01
6.879253e+01 0.000000e+00 -6.815221e+01 1.369447e+02
-1.171243e+02 0.000000e+00 -6.815221e+01 -4.897208e+01
3.184600e+01 0.000000e+00 -6.134405e+00 3.798041e+01
-5.071123e+01 0.000000e+00 -6.134405e+00 -4.457683e+01
-5.407220e+01 0.000000e+00 -5.014486e+01 -3.927345e+00
-4.759239e+01 0.000000e+00 -5.014486e+01 2.552467e+00
7.860326e+01 0.000000e+00 7.714511e+01 1.458153e+00
7.615093e+01 0.000000e+00 7.714511e+01 -9.941788e-01
7.623526e+00 0.000000e+00 -2.407812e+01 3.170165e+01
-5.097978e+01 0.000000e+00 -2.407812e+01 -2.690166e+01
-3.907232e+00 0.000000e+00 3.736193e+01 -4.126916e+01
6.560075e+01 0.000000e+00 3.736193e+01 2.823882e+01
-8.108093e+01 0.000000e+00 -1.783798e+01 -6.324295e+01
5.061056e+01 0.000000e+00 -1.783798e+01 6.844854e+01
-9.329192e+01 0.000000e+00 -9.435223e+01 1.060310e+00
-9.559332e+01 0.000000e+00 -9.435223e+01 -1.241089e+00
-4.363800e+01 0.000000e+00 -3.394407e+01 -9.693939e+00
-1.709456e+01 0.000000e+00 -3.394407e+01 1.684951e+01
6.587846e+01 0.000000e+00 4.860331e+01 1.727516e+01
3.495556e+01 0.000000e+00 4.860331e+01 -1.364774e+01
