-2.026848e+00 0.000000e+00 8.521774e+01 -8.724459e+01
1.432772e+02 0.000000e+00 8.521774e+01 5.805948e+01
3.732241e+01 0.000000e+00 -1.936665e+01 5.668905e+01
-7.839590e+01 0.000000e+00 -1.936665e+01 -5.902926e+01
1.717893e+02 0.000000e+00 1.053135e+02 6.647580e+01
4.645777e+01 0.000000e+00 1.053135e+02 -5.885574e+01
-2.511034e+01 0.000000e+00 -3.477607e+01 9.665726e+00
-5.377324e+01 0.000000e+00 -3.477607e+01 -1.899717e+01
9.135892e+01 0.000000e+00 4.128136e+01 5.007756e+01
-2.975545e+01 0.000000e+00 4.128136e+01 -7.103681e+01
7.898290e+01 0.000000e+00 2.001560e+01 5.896730e+01
-5.108768e+01 0.000000e+00 2.001560e+01 -7.110328e+01
4.622369e+01 0.000000e+00 4.901925e+01 -2.795559e+00
5.281567e+01 0.000000e+00 4.901925e+01 3.796413e+00
-3.032460e+01 0.000000e+00 7.706758e+01 -1.073922e+02
1.465004e+02 0.000000e+00 7.706758e+01 6.943285e+01
8.381707e+01 0.000000e+00 8.848526e+01 -4.668190e+00
9.356132e+01 0.000000e+00 8.848526e+01 5.076057e+00
6.366249e+01 0.000000e+00 5.135048e+01 1.231201e+01
4.185103e+01 0.000000e+00 5.135048e+01 -9.499451e+00
-2.858986e+00 0.000000e+00 1.373782e+01 -1.659681e+01
2.573005e+01 0.000000e+00 1.373782e+01 1.199222e+01
1.466245e+02 0.000000e+00 9.316758e+01 5.345689e+01
-3.438048e+01 0.000000e+00 9.316758e+01 -1.275481e+02
-9.022323e+01 0.000000e+00 -1.423155e+02 5.209225e+01
-2.186035e+02 0.000000e+00 -1.423155e+02 -7.628806e+01
6.526426e+00 0.000000e+00 2.730426e+01 -2.077783e+01
5.235675e+01 0.000000e+00 2.730426e+01 2.505250e+01
2.244285e+02 2.454940e+02 2.454940e+02 2.244285e+02
2.750682e+02 2.454940e+02 2.454940e+02 2.750682e+02
8.965203e+01 0.000000e+00 8.032604e+01 9.325989e+00
7.096689e+01 0.000000e+00 8.032604e+01 -9.359154e+00
7.017719e+01 0.000000e+00 8.550960e+01 -1.533241e+01
1.028962e+02 0.000000e+00 8.550960e+01 1.738661e+01
9.329482e+01 0.000000e+00 -5.575930e-01 9.385241e+01
-9.033838e+01 0.000000e+00 -5.575930e-01 -8.978079e+01
8.333680e+01 0.000000e+00 1.910508e+01 6.423172e+01
-1.172372e+01 0.000000e+00 1.910508e+01 -3.082880e+01
-9.776015e+01 0.000000e+00 7.178634e+00 -1.049388e+02
1.355997e+02 0.000000e+00 7.178634e+00 1.284211e+02
1.705733e+01 0.000000e+00 -2.488127e+00 1.954545e+01
-1.632219e+01 0.000000e+00 -2.488127e+00 -1.383407e+01
6.941478e+01 0.000000e+00 5.703394e+01 1.238084e+01
4.847358e+01 0.000000e+00 5.703394e+01 -8.560360e+00
1.605135e+02 0.000000e+00 1.593846e+02 1.128891e+00
1.577372e+02 0.000000e+00 1.593846e+02 -1.647461e+00
-3.018146e+00 0.000000e+00 2.573059e+01 -2.874874e+01
5.669519e+01 0.000000e+00 2.573059e+01 3.096460e+01
2.922329e+01 0.000000e+00 -1.448607e+01 4.370936e+01
-7.626588e+01 0.000000e+00 -1.448607e+01 -6.177982e+01
2.510669e+01 0.000000e+00 2.711230e+00 2.239546e+01
-1.519923e+01 0.000000e+00 2.711230e+00 -1.791046e+01
