6.654607e+01 0.000000e+00 1.215517e+02 -5.500561e+01
1.789037e+02 0.000000e+00 1.215517e+02 5.735207e+01
9.874960e+01 0.000000e+00 4.748314e+00 9.400128e+01
-5.366278e+01 0.000000e+00 4.748314e+00 -5.841110e+01
-1.161971e+02 0.000000e+00 2.535819e+01 -1.415553e+02
1.301940e+02 0.000000e+00 2.535819e+01 1.048358e+02
-4.500005e+01 0.000000e+00 -5.749950e+01 1.249945e+01
-7.655042e+01 0.000000e+00 -5.749950e+01 -1.905091e+01
1.722522e+02 0.000000e+00 7.422994e+01 9.802221e+01
-6.567657e+01 0.000000e+00 7.422994e+01 -1.399065e+02
-1.005357e+01 0.000000e+00 -3.298410e-01 -9.723729e+00
9.279781e+00 0.000000e+00 -3.298410e-01 9.609622e+00
1.041119e+02 0.000000e+00 1.109396e+02 -6.827629e+00
1.225356e+02 0.000000e+00 1.109396e+02 1.159602e+01
-8.808752e+01 0.000000e+00 -4.757881e+01 -4.050872e+01
-9.408931e+00 0.000000e+00 -4.757881e+01 3.816988e+01
-1.675359e+01 0.000000e+00 1.626445e+01 -3.301804e+01
5.118145e+01 0.000000e+00 1.626445e+01 3.491700e+01
8.880007e+00 0.000000e+00 -6.886842e+00 1.576685e+01
-1.530301e+01 0.000000e+00 -6.886842e+00 -8.416167e+00
-6.083205e+01 0.000000e+00 -2.052540e+01 -4.030665e+01
2.209125e+01 0.000000e+00 -2.052540e+01 4.261665e+01
-2.903927e+01 0.000000e+00 -1.119884e+01 -1.784043e+01
1.025152e+01 0.000000e+00 -1.119884e+01 2.145037e+01
9.335760e+00 0.000000e+00 -5.124557e+01 6.058133e+01
-1.052222e+02 0.000000e+00 -5.124557e+01 -5.397659e+01
-6.329100e+01 0.000000e+00 -3.728153e+01 -2.600947e+01
-1.239715e+01 0.000000e+00 -3.728153e+01 2.488438e+01
3.134563e+01 0.000000e+00 5.800083e+00 2.554554e+01
-2.404651e+01 0.000000e+00 5.800083e+00 -2.984659e+01
7.952165e+01 0.000000e+00 1.593759e+01 6.358406e+01
-4.514598e+01 0.000000e+00 1.593759e+01 -6.108357e+01
1.720201e+02 1.646979e+02 1.646979e+02 1.720201e+02
1.527189e+02 1.646979e+02 1.646979e+02 1.527189e+02
3.499934e+01 0.000000e+00 -3.611196e+01 7.111130e+01
-1.096921e+02 0.000000e+00 -3.611196e+01 -7.358014e+01
6.874046e+01 0.000000e+00 1.356377e+01 5.517670e+01
-2.929520e+00 0.000000e+00 1.356377e+01 -1.649329e+01
-5.382912e+00 0.000000e+00 -2.276291e+01 1.738000e+01
-3.915537e+01 0.000000e+00 -2.276291e+01 -1.639246e+01
-3.929261e+01 0.000000e+00 -2.722492e+01 -1.206769e+01
-1.002687e+01 0.000000e+00 -2.722492e+01 1.719805e+01
-1.540502e+02 0.000000e+00 -7.713264e+01 -7.691760e+01
-1.289068e+00 0.000000e+00 -7.713264e+01 7.584358e+01
8.947118e+01 0.000000e+00 9.124819e+01 -1.777008e+00
9.335548e+01 0.000000e+00 9.124819e+01 2.107285e+00
-2.481424e+01 0.000000e+00 -7.153901e+00 -1.766034e+01
1.058842e+01 0.000000e+00 -7.153901e+00 1.774232e+01
7.485813e+01 0.000000e+00 4.404305e+01 3.081508e+01
-1.242364e+01 0.000000e+00 4.404305e+01 -5.646669e+01
-3.712148e+01 0.000000e+00 -1.323396e+01 -2.388752e+01
1.350450e+01 0.000000e+00 -1.323396e+01 2.673846e+01
