6.220068e+01 0.000000e+00 2.526178e+01 3.693890e+01
-1.320386e+01 0.000000e+00 2.526178e+01 -3.846564e+01
6.576001e+01 0.000000e+00 2.394279e+01 4.181722e+01
5.639702e+00 0.000000e+00 2.394279e+01 -1.830308e+01
2.621252e+02 1.768247e+02 1.768247e+02 2.621252e+02
9.096104e+01 1.768247e+02 1.768247e+02 9.096104e+01
4.751626e+01 0.000000e+00 4.386127e+01 3.654984e+00
4.073613e+01 0.000000e+00 4.386127e+01 -3.125149e+00
-2.456584e+01 0.000000e+00 -1.459991e+01 -9.965925e+00
-5.150528e-01 0.000000e+00 -1.459991e+01 1.408486e+01
4.041563e+00 0.000000e+00 2.963141e+01 -2.558985e+01
6.655397e+01 0.000000e+00 2.963141e+01 3.692256e+01
-7.226186e+01 0.000000e+00 -6.790942e+01 -4.352448e+00
-6.268624e+01 0.000000e+00 -6.790942e+01 5.223175e+00
4.063999e+01 0.000000e+00 2.855073e+01 1.208926e+01
1.612084e+01 0.000000e+00 2.855073e+01 -1.242988e+01
-4.513701e+01 0.000000e+00 -4.279530e+00 -4.085748e+01
2.343293e+01 0.000000e+00 -4.279530e+00 2.771246e+01
-8.751040e+00 0.000000e+00 -3.841659e+01 2.966555e+01
-6.184428e+01 0.000000e+00 -3.841659e+01 -2.342768e+01
-6.073423e+01 0.000000e+00 -4.397824e+01 -1.675599e+01
-1.998552e+01 0.000000e+00 -4.397824e+01 2.399272e+01
-1.051449e+00 0.000000e+00 2.390437e+00 -3.441886e+00
6.602717e+00 0.000000e+00 2.390437e+00 4.212280e+00
2.548492e+00 0.000000e+00 2.076895e+01 -1.822046e+01
3.974823e+01 0.000000e+00 2.076895e+01 1.897927e+01
2.340615e+01 0.000000e+00 -9.988834e+00 3.339499e+01
-1.116638e+02 0.000000e+00 -9.988834e+00 -1.016749e+02
-2.363810e+01 0.000000e+00 1.103586e+01 -3.467396e+01
4.725937e+01 0.000000e+00 1.103586e+01 3.622352e+01
3.382023e+01 0.000000e+00 3.246986e+01 1.350372e+00
3.120852e+01 0.000000e+00 3.246986e+01 -1.261337e+00
5.492835e+01 0.000000e+00 3.179668e+01 2.313167e+01
-4.176255e+00 0.000000e+00 3.179668e+01 -3.597294e+01
-3.301162e+01 0.000000e+00 -3.587863e+01 2.867012e+00
-3.912979e+01 0.000000e+00 -3.587863e+01 -3.251160e+00
-8.316051e+01 0.000000e+00 -2.014456e+01 -6.301595e+01
1.571549e+00 0.000000e+00 -2.014456e+01 2.171611e+01
-1.876536e+01 0.000000e+00 2.221205e+01 -4.097741e+01
5.703716e+01 0.000000e+00 2.221205e+01 3.482510e+01
-9.077898e+01 0.000000e+00 -2.866494e+01 -6.211403e+01
2.646912e+01 0.000000e+00 -2.866494e+01 5.513407e+01
4.001547e+01 0.000000e+00 1.341309e+01 2.660238e+01
-3.563084e+00 0.000000e+00 1.341309e+01 -1.697617e+01
1.233742e+02 0.000000e+00 1.294828e+02 -6.108521e+00
1.401361e+02 0.000000e+00 1.294828e+02 1.065331e+01
5.527895e+01 0.000000e+00 4.607225e+01 9.206696e+00
4.017177e+01 0.000000e+00 4.607225e+01 -5.900482e+00
-5.782195e+01 0.000000e+00 -9.806815e+01 4.024620e+01
-1.510753e+02 0.000000e+00 -9.806815e+01 -5.300716e+01
3.769139e+01 0.000000e+00 2.139996e+01 1.629144e+01
5.786679e+00 0.000000e+00 2.139996e+01 -1.561328e+01
