3.586649e+01 0.000000e+00 1.040326e+02 -6.816607e+01
1.827488e+02 0.000000e+00 1.040326e+02 7.871622e+01
6.971000e+01 0.000000e+00 -1.256990e+01 8.227990e+01
-9.569072e+01 0.000000e+00 -1.256990e+01 -8.312082e+01
1.295350e+02 0.000000e+00 8.514706e+01 4.438796e+01
4.039536e+01 0.000000e+00 8.514706e+01 -4.475169e+01
1.923077e+01 0.000000e+00 2.952300e+01 -1.029223e+01
4.452469e+01 0.000000e+00 2.952300e+01 1.500169e+01
1.247670e+02 0.000000e+00 2.778638e+01 9.698060e+01
-8.103076e+01 0.000000e+00 2.778638e+01 -1.088171e+02
3.979268e+00 0.000000e+00 9.640226e+00 -5.660958e+00
1.434788e+01 0.000000e+00 9.640226e+00 4.707649e+00
8.360161e+00 0.000000e+00 1.459772e+01 -6.237556e+00
2.562857e+01 0.000000e+00 1.459772e+01 1.103085e+01
2.938367e+01 0.000000e+00 1.048247e+02 -7.544106e+01
1.802089e+02 0.000000e+00 1.048247e+02 7.538413e+01
1.491033e+02 1.962792e+02 1.962792e+02 1.491033e+02
2.489360e+02 1.962792e+02 1.962792e+02 2.489360e+02
-1.038842e+02 0.000000e+00 -1.488149e+01 -8.900275e+01
5.527681e+01 0.000000e+00 -1.488149e+01 7.015830e+01
8.587996e+01 0.000000e+00 9.624910e+01 -1.036914e+01
1.030893e+02 0.000000e+00 9.624910e+01 6.840202e+00
1.873917e+01 0.000000e+00 -1.124264e+01 2.998182e+01
-4.798036e+01 0.000000e+00 -1.124264e+01 -3.673772e+01
1.152219e+01 0.000000e+00 2.773022e+01 -1.620803e+01
4.718945e+01 0.000000e+00 2.773022e+01 1.945924e+01
-7.406718e+01 0.000000e+00 -3.332959e+01 -4.073760e+01
1.149499e+01 0.000000e+00 -3.332959e+01 4.482458e+01
3.955708e+01 0.000000e+00 -5.128617e+00 4.468570e+01
-8.433531e+01 0.000000e+00 -5.128617e+00 -7.920669e+01
-1.023266e+02 0.000000e+00 -4.613562e+01 -5.619101e+01
-1.049194e+00 0.000000e+00 -4.613562e+01 4.508643e+01
-1.596835e+01 0.000000e+00 -3.901115e-01 -1.557823e+01
1.617859e+01 0.000000e+00 -3.901115e-01 1.656870e+01
1.098204e+02 0.000000e+00 5.611068e+01 5.370974e+01
-2.851535e+01 0.000000e+00 5.611068e+01 -8.462603e+01
2.203197e+01 0.000000e+00 -9.789717e+01 1.199291e+02
-1.430208e+02 0.000000e+00 -9.789717e+01 -4.512364e+01
1.081037e+01 0.000000e+00 -4.286986e+01 5.368023e+01
-1.300204e+02 0.000000e+00 -4.286986e+01 -8.715055e+01
1.839016e+02 0.000000e+00 1.788997e+02 5.001877e+00
1.751251e+02 0.000000e+00 1.788997e+02 -3.774597e+00
1.792580e+01 0.000000e+00 7.063940e+01 -5.271360e+01
1.267862e+02 0.000000e+00 7.063940e+01 5.614680e+01
9.758843e+01 0.000000e+00 1.081476e+02 -1.055914e+01
1.207762e+02 0.000000e+00 1.081476e+02 1.262864e+01
3.374405e+00 0.000000e+00 2.344405e+01 -2.006964e+01
4.215019e+01 0.000000e+00 2.344405e+01 1.870614e+01
1.289261e+02 0.000000e+00 1.268859e+01 1.162376e+02
-9.525764e+01 0.000000e+00 1.268859e+01 -1.079462e+02
3.695491e+01 0.000000e+00 1.248065e+01 2.447425e+01
-1.255858e+01 0.000000e+00 1.248065e+01 -2.503923e+01
