4.428988e+01 0.000000e+00 6.807968e+01 -2.378980e+01
9.724529e+01 0.000000e+00 6.807968e+01 2.916560e+01
7.307275e+01 0.000000e+00 3.319690e+01 3.987585e+01
1.148836e+01 0.000000e+00 3.319690e+01 -2.170854e+01
-2.802807e+01 0.000000e+00 6.635723e-01 -2.869164e+01
1.709406e+01 0.000000e+00 6.635723e-01 1.643048e+01
-3.832043e+01 0.000000e+00 -3.849374e+01 1.733017e-01
-3.863831e+01 0.000000e+00 -3.849374e+01 -1.445694e-01
1.264122e+02 0.000000e+00 5.707701e+01 6.933518e+01
-1.236735e+02 0.000000e+00 5.707701e+01 -1.807505e+02
-8.414685e+01 0.000000e+00 -2.972442e+01 -5.442243e+01
1.740460e+01 0.000000e+00 -2.972442e+01 4.712902e+01
-5.157443e+01 0.000000e+00 -2.493872e+01 -2.663571e+01
-1.343487e+00 0.000000e+00 -2.493872e+01 2.359523e+01
4.288346e+01 0.000000e+00 1.758016e+01 2.530330e+01
-1.554959e+00 0.000000e+00 1.758016e+01 -1.913512e+01
1.679446e+01 0.000000e+00 4.444435e+01 -2.764989e+01
6.979514e+01 0.000000e+00 4.444435e+01 2.535078e+01
4.941420e+01 0.000000e+00 6.386529e+01 -1.445109e+01
7.924869e+01 0.000000e+00 6.386529e+01 1.538340e+01
-1.730367e+01 0.000000e+00 5.314639e+01 -7.045005e+01
9.050444e+01 0.000000e+00 5.314639e+01 3.735806e+01
2.654891e+01 0.000000e+00 1.740034e+01 9.148573e+00
8.561504e+00 0.000000e+00 1.740034e+01 -8.838831e+00
-3.342548e+01 0.000000e+00 -3.358137e+01 1.558952e-01
-3.371719e+01 0.000000e+00 -3.358137e+01 -1.358185e-01
-2.766409e-01 0.000000e+00 -1.003743e+01 9.760789e+00
-2.507728e+01 0.000000e+00 -1.003743e+01 -1.503985e+01
-4.083947e+01 0.000000e+00 -9.457009e+00 -3.138246e+01
2.844569e+01 0.000000e+00 -9.457009e+00 3.790270e+01
-9.379082e-01 0.000000e+00 -3.526771e+01 3.432980e+01
-7.218999e+01 0.000000e+00 -3.526771e+01 -3.692228e+01
-5.495779e+01 0.000000e+00 6.666423e+00 -6.162422e+01
5.058828e+01 0.000000e+00 6.666423e+00 4.392186e+01
-1.058255e+02 0.000000e+00 -3.721081e+01 -6.861467e+01
1.902634e+01 0.000000e+00 -3.721081e+01 5.623715e+01
-1.109197e+02 0.000000e+00 -3.465308e+01 -7.626662e+01
7.055054e+00 0.000000e+00 -3.465308e+01 4.170814e+01
6.561608e+01 0.000000e+00 -8.056837e+00 7.367292e+01
-7.053252e+01 0.000000e+00 -8.056837e+00 -6.247568e+01
8.868880e+01 0.000000e+00 1.105882e+01 7.762999e+01
-5.056735e+01 0.000000e+00 1.105882e+01 -6.162617e+01
-9.063824e+01 0.000000e+00 -2.788013e+01 -6.275812e+01
1.108399e+01 0.000000e+00 -2.788013e+01 3.896411e+01
2.340131e+02 2.283155e+02 2.283155e+02 2.340131e+02
2.193467e+02 2.283155e+02 2.283155e+02 2.193467e+02
-2.110918e+01 0.000000e+00 2.631304e+01 -4.742222e+01
7.006352e+01 0.000000e+00 2.631304e+01 4.375048e+01
5.627648e+01 0.000000e+00 1.536119e+01 4.091529e+01
-4.732537e+01 0.000000e+00 1.536119e+01 -6.268656e+01
9.087361e+01 0.000000e+00 5.608693e+01 3.478668e+01
2.298664e+01 0.000000e+00 5.608693e+01 -3.310029e+01
