-2.366261e+01 0.000000e+00 9.533337e+00 -3.319594e+01
4.401796e+01 0.000000e+00 9.533337e+00 3.448462e+01
1.264997e+01 0.000000e+00 -6.285268e+00 1.893524e+01
-1.705219e+01 0.000000e+00 -6.285268e+00 -1.076693e+01
4.144145e+01 0.000000e+00 7.110936e+01 -2.966791e+01
1.051807e+02 0.000000e+00 7.110936e+01 3.407136e+01
-2.988324e+01 0.000000e+00 -3.247857e+01 2.595325e+00
-3.481307e+01 0.000000e+00 -3.247857e+01 -2.334503e+00
1.138190e+02 0.000000e+00 3.773661e+01 7.608234e+01
-5.731791e+01 0.000000e+00 3.773661e+01 -9.505452e+01
-7.613060e+01 0.000000e+00 -4.106065e+00 -7.202453e+01
9.019095e+01 0.000000e+00 -4.106065e+00 9.429701e+01
5.307376e+01 0.000000e+00 3.238466e+01 2.068910e+01
1.125807e+01 0.000000e+00 3.238466e+01 -2.112659e+01
7.127335e+01 0.000000e+00 3.673640e+01 3.453694e+01
-9.720728e+00 0.000000e+00 3.673640e+01 -4.645713e+01
-4.094987e+01 0.000000e+00 -1.618619e+01 -2.476369e+01
1.187559e+01 0.000000e+00 -1.618619e+01 2.806178e+01
1.157932e+01 0.000000e+00 1.549969e+01 -3.920370e+00
1.848869e+01 0.000000e+00 1.549969e+01 2.989006e+00
6.149490e+00 0.000000e+00 3.468711e+00 2.680780e+00
9.357800e-01 0.000000e+00 3.468711e+00 -2.532931e+00
3.855021e+00 0.000000e+00 2.458944e+01 -2.073442e+01
5.748101e+01 0.000000e+00 2.458944e+01 3.289156e+01
6.007137e+01 0.000000e+00 5.166098e+01 8.410385e+00
4.325750e+01 0.000000e+00 5.166098e+01 -8.403484e+00
-5.760287e+01 0.000000e+00 7.256631e+00 -6.485950e+01
7.136844e+01 0.000000e+00 7.256631e+00 6.411181e+01
1.127906e+01 0.000000e+00 -2.583878e+01 3.711785e+01
-6.896326e+01 0.000000e+00 -2.583878e+01 -4.312448e+01
-5.093560e+01 0.000000e+00 -1.037175e+02 5.278191e+01
-1.545921e+02 0.000000e+00 -1.037175e+02 -5.087457e+01
4.155478e+01 0.000000e+00 -2.353347e+01 6.508825e+01
-8.288795e+01 0.000000e+00 -2.353347e+01 -5.935448e+01
1.064898e+00 0.000000e+00 -6.265756e+01 6.372246e+01
-1.141268e+02 0.000000e+00 -6.265756e+01 -5.146925e+01
-3.428403e+01 0.000000e+00 -6.401882e+01 2.973479e+01
-7.488551e+01 0.000000e+00 -6.401882e+01 -1.086668e+01
1.051902e+02 1.388504e+02 1.388504e+02 1.051902e+02
1.656551e+02 1.388504e+02 1.388504e+02 1.656551e+02
-2.411027e+01 0.000000e+00 -2.989972e+01 5.789448e+00
-3.516887e+01 0.000000e+00 -2.989972e+01 -5.269144e+00
-2.553248e+01 0.000000e+00 3.195724e+01 -5.748972e+01
7.929468e+01 0.000000e+00 3.195724e+01 4.733743e+01
5.937667e+01 0.000000e+00 7.575458e+01 -1.637791e+01
1.022938e+02 0.000000e+00 7.575458e+01 2.653919e+01
-1.428628e+02 0.000000e+00 -7.860007e+01 -6.426276e+01
-1.879583e+01 0.000000e+00 -7.860007e+01 5.980424e+01
-4.159693e+01 0.000000e+00 -4.903956e+01 7.442631e+00
-5.961771e+01 0.000000e+00 -4.903956e+01 -1.057815e+01
2.536002e+01 0.000000e+00 2.277735e+01 2.582672e+00
1.981480e+01 0.000000e+00 2.277735e+01 -2.962549e+00
