-1.130501e+00 0.000000e+00 4.593258e+01 -4.706308e+01
1.065612e+02 0.000000e+00 4.593258e+01 6.062862e+01
1.406363e+02 0.000000e+00 9.861794e+01 4.201840e+01
7.586133e+01 0.000000e+00 9.861794e+01 -2.275661e+01
5.912822e+01 0.000000e+00 3.123211e+01 2.789611e+01
6.470936e+00 0.000000e+00 3.123211e+01 -2.476117e+01
6.894753e+01 0.000000e+00 5.731054e+01 1.163700e+01
4.295026e+01 0.000000e+00 5.731054e+01 -1.436027e+01
8.468886e+00 0.000000e+00 -3.483765e+01 4.330654e+01
-8.489643e+01 0.000000e+00 -3.483765e+01 -5.005878e+01
1.189762e+01 0.000000e+00 1.296990e+01 -1.072281e+00
1.391498e+01 0.000000e+00 1.296990e+01 9.450760e-01
1.108573e+01 0.000000e+00 5.464626e+01 -4.356052e+01
1.177426e+02 0.000000e+00 5.464626e+01 6.309632e+01
4.773878e+01 0.000000e+00 3.143653e+01 1.630225e+01
-2.666992e+00 0.000000e+00 3.143653e+01 -3.410352e+01
-2.543248e+01 0.000000e+00 -1.995654e+01 -5.475937e+00
-1.443425e+01 0.000000e+00 -1.995654e+01 5.522293e+00
1.540771e+02 1.709106e+02 1.709106e+02 1.540771e+02
1.877808e+02 1.709106e+02 1.709106e+02 1.877808e+02
-4.367374e+01 0.000000e+00 3.043711e+01 -7.411084e+01
8.635616e+01 0.000000e+00 3.043711e+01 5.591906e+01
1.361324e+02 0.000000e+00 9.962472e+01 3.650771e+01
5.331900e+01 0.000000e+00 9.962472e+01 -4.630572e+01
1.134645e+01 0.000000e+00 -1.604414e+01 2.739059e+01
-3.994915e+01 0.000000e+00 -1.604414e+01 -2.390501e+01
1.167222e+01 0.000000e+00 3.878251e+01 -2.711029e+01
7.242963e+01 0.000000e+00 3.878251e+01 3.364712e+01
1.234164e+02 0.000000e+00 7.049556e+01 5.292088e+01
6.413931e+00 0.000000e+00 7.049556e+01 -6.408163e+01
-3.692459e+01 0.000000e+00 -1.074512e+01 -2.617948e+01
1.928404e+01 0.000000e+00 -1.074512e+01 3.002915e+01
1.795316e+02 0.000000e+00 9.014805e+01 8.938360e+01
2.261938e+01 0.000000e+00 9.014805e+01 -6.752867e+01
-1.726918e+01 0.000000e+00 -2.907437e+01 1.180519e+01
-5.060954e+01 0.000000e+00 -2.907437e+01 -2.153518e+01
4.204971e+01 0.000000e+00 -9.819883e+01 1.402485e+02
-1.422474e+02 0.000000e+00 -9.819883e+01 -4.404853e+01
2.787827e+01 0.000000e+00 -5.644338e+00 3.352261e+01
-3.383496e+01 0.000000e+00 -5.644338e+00 -2.819062e+01
5.018319e+00 0.000000e+00 2.218325e-01 4.796487e+00
-4.437346e+00 0.000000e+00 2.218325e-01 -4.659178e+00
4.969398e+00 0.000000e+00 5.375647e+01 -4.878708e+01
9.141003e+01 0.000000e+00 5.375647e+01 3.765356e+01
6.272728e+01 0.000000e+00 1.047455e+02 -4.201823e+01
1.687398e+02 0.000000e+00 1.047455e+02 6.399432e+01
7.293803e+01 0.000000e+00 8.568011e+01 -1.274208e+01
9.953923e+01 0.000000e+00 8.568011e+01 1.385912e+01
3.190121e+01 0.000000e+00 -1.665824e+01 4.855944e+01
-8.007317e+01 0.000000e+00 -1.665824e+01 -6.341494e+01
1.852740e+01 0.000000e+00 3.170243e+01 -1.317503e+01
4.256022e+01 0.000000e+00 3.170243e+01 1.085779e+01
