6.781845e+01 0.000000e+00 8.758656e+01 -1.976810e+01
1.059624e+02 0.000000e+00 8.758656e+01 1.837582e+01
2.464025e+01 0.000000e+00 -8.185790e+00 3.282604e+01
-3.425031e+01 0.000000e+00 -8.185790e+00 -2.606452e+01
2.587158e+01 0.000000e+00 -3.072168e+00 2.894375e+01
-3.581627e+01 0.000000e+00 -3.072168e+00 -3.274410e+01
-2.751472e+01 0.000000e+00 -8.960134e-01 -2.661871e+01
1.734456e+01 0.000000e+00 -8.960134e-01 1.824058e+01
9.598708e+01 0.000000e+00 6.994480e+01 2.604227e+01
4.896609e+01 0.000000e+00 6.994480e+01 -2.097871e+01
1.659380e+01 0.000000e+00 -1.537516e+01 3.196896e+01
-5.221398e+01 0.000000e+00 -1.537516e+01 -3.683882e+01
-5.393221e+00 0.000000e+00 4.673878e+00 -1.006710e+01
1.554065e+01 0.000000e+00 4.673878e+00 1.086677e+01
-3.830447e+01 0.000000e+00 1.354067e+00 -3.965853e+01
5.310485e+01 0.000000e+00 1.354067e+00 5.175079e+01
-4.473059e+00 0.000000e+00 2.165759e+01 -2.613065e+01
4.285383e+01 0.000000e+00 2.165759e+01 2.119624e+01
2.246921e+01 0.000000e+00 3.736745e+01 -1.489824e+01
5.141531e+01 0.000000e+00 3.736745e+01 1.404786e+01
2.152825e+01 0.000000e+00 2.600541e+01 -4.477167e+00
3.039817e+01 0.000000e+00 2.600541e+01 4.392756e+00
1.925250e+01 0.000000e+00 2.853145e+01 -9.278944e+00
3.979285e+01 0.000000e+00 2.853145e+01 1.126141e+01
7.794478e+01 0.000000e+00 3.236469e+01 4.558009e+01
-7.442400e+00 0.000000e+00 3.236469e+01 -3.980709e+01
4.437939e+01 0.000000e+00 4.274456e+01 1.634834e+00
4.110498e+01 0.000000e+00 4.274456e+01 -1.639572e+00
-1.845718e+01 0.000000e+00 -1.642010e+01 -2.037081e+00
-1.415732e+01 0.000000e+00 -1.642010e+01 2.262788e+00
6.441798e+01 0.000000e+00 -3.116233e+01 9.558031e+01
-1.113777e+02 0.000000e+00 -3.116233e+01 -8.021538e+01
2.177023e+01 0.000000e+00 2.626266e+01 -4.492432e+00
3.018990e+01 0.000000e+00 2.626266e+01 3.927235e+00
-2.990248e+01 0.000000e+00 -1.958560e+01 -1.031689e+01
-8.551661e+00 0.000000e+00 -1.958560e+01 1.103394e+01
-2.292450e+01 0.000000e+00 1.730649e+00 -2.465515e+01
2.625412e+01 0.000000e+00 1.730649e+00 2.452347e+01
5.436180e+01 0.000000e+00 2.063655e+01 3.372524e+01
-9.147792e+00 0.000000e+00 2.063655e+01 -2.978434e+01
-1.303398e+02 0.000000e+00 -4.683427e+01 -8.350556e+01
2.125046e+00 0.000000e+00 -4.683427e+01 4.895931e+01
-1.050322e+02 0.000000e+00 -8.264214e+01 -2.239006e+01
-6.323348e+01 0.000000e+00 -8.264214e+01 1.940865e+01
2.483555e+01 0.000000e+00 2.600589e+01 -1.170340e+00
2.755716e+01 0.000000e+00 2.600589e+01 1.551273e+00
3.117851e+01 0.000000e+00 4.520098e+01 -1.402248e+01
5.640781e+01 0.000000e+00 4.520098e+01 1.120682e+01
1.499413e+02 1.384464e+02 1.384464e+02 1.499413e+02
1.227336e+02 1.384464e+02 1.384464e+02 1.227336e+02
-1.794851e+01 0.000000e+00 6.651646e+01 -8.446497e+01
1.611307e+02 0.000000e+00 6.651646e+01 9.461427e+01
