1.100015e+02 0.000000e+00 1.064008e+02 3.600704e+00
1.026019e+02 0.000000e+00 1.064008e+02 -3.798882e+00
2.263684e+02 0.000000e+00 1.573706e+02 6.899778e+01
9.358671e+01 0.000000e+00 1.573706e+02 -6.378394e+01
6.735480e+01 0.000000e+00 7.362486e+01 -6.270061e+00
7.928922e+01 0.000000e+00 7.362486e+01 5.664365e+00
1.896718e+02 0.000000e+00 1.367262e+02 5.294559e+01
7.144979e+01 0.000000e+00 1.367262e+02 -6.527641e+01
2.243343e+02 0.000000e+00 1.956685e+02 2.866583e+01
1.597243e+02 0.000000e+00 1.956685e+02 -3.594421e+01
1.185552e+02 0.000000e+00 1.133611e+02 5.194143e+00
1.078796e+02 0.000000e+00 1.133611e+02 -5.481541e+00
1.012505e+02 0.000000e+00 1.210600e+02 -1.980954e+01
1.417993e+02 0.000000e+00 1.210600e+02 2.073929e+01
1.021489e+02 0.000000e+00 1.187329e+02 -1.658401e+01
1.469942e+02 0.000000e+00 1.187329e+02 2.826131e+01
1.312111e+02 0.000000e+00 1.299056e+02 1.305485e+00
1.294419e+02 0.000000e+00 1.299056e+02 -4.637713e-01
8.627141e+01 0.000000e+00 9.976700e+01 -1.349559e+01
1.103583e+02 0.000000e+00 9.976700e+01 1.059130e+01
1.415020e+02 0.000000e+00 1.202860e+02 2.121595e+01
1.016277e+02 0.000000e+00 1.202860e+02 -1.865837e+01
1.900573e+02 0.000000e+00 1.725864e+02 1.747088e+01
1.525853e+02 0.000000e+00 1.725864e+02 -2.000116e+01
1.154010e+02 0.000000e+00 1.123668e+02 3.034287e+00
1.093525e+02 0.000000e+00 1.123668e+02 -3.014243e+00
1.115906e+02 0.000000e+00 1.182052e+02 -6.614579e+00
1.255288e+02 0.000000e+00 1.182052e+02 7.323628e+00
2.751747e+02 0.000000e+00 2.874682e+02 -1.229350e+01
3.019717e+02 0.000000e+00 2.874682e+02 1.450353e+01
1.070631e+02 0.000000e+00 9.200546e+01 1.505760e+01
7.752503e+01 0.000000e+00 9.200546e+01 -1.448044e+01
1.770857e+02 0.000000e+00 1.562129e+02 2.087281e+01
1.387053e+02 0.000000e+00 1.562129e+02 -1.750762e+01
7.331115e+01 0.000000e+00 3.744539e+01 3.586575e+01
-4.996822e+00 0.000000e+00 3.744539e+01 -4.244221e+01
3.388291e+02 2.670595e+02 2.670595e+02 3.388291e+02
2.324052e+02 2.670595e+02 2.670595e+02 2.324052e+02
8.994884e+01 0.000000e+00 9.582085e+01 -5.872017e+00
1.025672e+02 0.000000e+00 9.582085e+01 6.746353e+00
2.059138e+02 0.000000e+00 1.750159e+02 3.089784e+01
1.470422e+02 0.000000e+00 1.750159e+02 -2.797368e+01
1.515679e+02 0.000000e+00 1.066598e+02 4.490807e+01
6.837078e+01 0.000000e+00 1.066598e+02 -3.828902e+01
9.625419e+01 0.000000e+00 1.101158e+02 -1.386162e+01
1.269465e+02 0.000000e+00 1.101158e+02 1.683068e+01
8.634988e+01 0.000000e+00 9.563523e+01 -9.285352e+00
1.046990e+02 0.000000e+00 9.563523e+01 9.063747e+00
6.454716e+01 0.000000e+00 6.418129e+01 3.658690e-01
6.286217e+01 0.000000e+00 6.418129e+01 -1.319121e+00
1.065602e+02 0.000000e+00 8.812175e+01 1.843850e+01
6.968674e+01 0.000000e+00 8.812175e+01 -1.843501e+01
