1.028761e+02 0.000000e+00 9.771191e+01 5.164226e+00
9.293100e+01 0.000000e+00 9.771191e+01 -4.780913e+00
2.202867e+02 0.000000e+00 1.554348e+02 6.485196e+01
9.601573e+01 0.000000e+00 1.554348e+02 -5.941906e+01
6.006079e+01 0.000000e+00 6.091254e+01 -8.517556e-01
6.187788e+01 0.000000e+00 6.091254e+01 9.653422e-01
1.899130e+02 0.000000e+00 1.487680e+02 4.114500e+01
9.848777e+01 0.000000e+00 1.487680e+02 -5.028021e+01
1.981081e+02 0.000000e+00 1.732791e+02 2.482899e+01
1.426106e+02 0.000000e+00 1.732791e+02 -3.066851e+01
1.132288e+02 0.000000e+00 9.964492e+01 1.358393e+01
8.447313e+01 0.000000e+00 9.964492e+01 -1.517179e+01
1.088546e+02 0.000000e+00 1.340777e+02 -2.522304e+01
1.610035e+02 0.000000e+00 1.340777e+02 2.692582e+01
1.042916e+02 0.000000e+00 1.203688e+02 -1.607717e+01
1.498502e+02 0.000000e+00 1.203688e+02 2.948143e+01
1.106249e+02 0.000000e+00 1.121571e+02 -1.532173e+00
1.136639e+02 0.000000e+00 1.121571e+02 1.506885e+00
7.490239e+01 0.000000e+00 9.773348e+01 -2.283109e+01
1.156977e+02 0.000000e+00 9.773348e+01 1.796424e+01
2.569043e+02 2.283483e+02 2.283483e+02 2.569043e+02
2.039168e+02 2.283483e+02 2.283483e+02 2.039168e+02
2.115808e+02 0.000000e+00 1.863299e+02 2.525089e+01
1.594640e+02 0.000000e+00 1.863299e+02 -2.686593e+01
1.132127e+02 0.000000e+00 1.065847e+02 6.628018e+00
9.937106e+01 0.000000e+00 1.065847e+02 -7.213655e+00
8.348463e+01 0.000000e+00 9.326608e+01 -9.781452e+00
1.040067e+02 0.000000e+00 9.326608e+01 1.074064e+01
2.295257e+02 0.000000e+00 2.396697e+02 -1.014395e+01
2.521054e+02 0.000000e+00 2.396697e+02 1.243579e+01
9.435703e+01 0.000000e+00 7.325075e+01 2.110627e+01
5.298551e+01 0.000000e+00 7.325075e+01 -2.026525e+01
1.888908e+02 0.000000e+00 1.662624e+02 2.262841e+01
1.505524e+02 0.000000e+00 1.662624e+02 -1.571003e+01
7.828908e+01 0.000000e+00 3.807412e+01 4.021496e+01
-7.688656e+00 0.000000e+00 3.807412e+01 -4.576278e+01
2.117963e+02 0.000000e+00 1.311617e+02 8.063458e+01
9.438218e+01 0.000000e+00 1.311617e+02 -3.677957e+01
8.599278e+01 0.000000e+00 8.957729e+01 -3.584514e+00
9.326746e+01 0.000000e+00 8.957729e+01 3.690165e+00
2.247971e+02 0.000000e+00 1.894171e+02 3.537993e+01
1.589330e+02 0.000000e+00 1.894171e+02 -3.048411e+01
1.417283e+02 0.000000e+00 1.053361e+02 3.639224e+01
7.386858e+01 0.000000e+00 1.053361e+02 -3.146751e+01
1.115108e+02 0.000000e+00 1.285224e+02 -1.701160e+01
1.492339e+02 0.000000e+00 1.285224e+02 2.071156e+01
8.990077e+01 0.000000e+00 9.318585e+01 -3.285076e+00
9.644945e+01 0.000000e+00 9.318585e+01 3.263600e+00
5.091542e+01 0.000000e+00 4.138765e+01 9.527778e+00
2.802439e+01 0.000000e+00 4.138765e+01 -1.336325e+01
9.221500e+01 0.000000e+00 6.833553e+01 2.387947e+01
4.421794e+01 0.000000e+00 6.833553e+01 -2.411760e+01
