8.880472e+01 0.000000e+00 8.995489e+01 -1.150169e+00
9.097701e+01 0.000000e+00 8.995489e+01 1.022123e+00
1.745686e+02 0.000000e+00 1.096207e+02 6.494790e+01
4.885353e+01 0.000000e+00 1.096207e+02 -6.076721e+01
1.755346e+01 0.000000e+00 2.091985e+01 -3.366391e+00
2.367915e+01 0.000000e+00 2.091985e+01 2.759302e+00
1.643849e+02 0.000000e+00 1.238246e+02 4.056027e+01
7.481305e+01 0.000000e+00 1.238246e+02 -4.901159e+01
1.637463e+02 0.000000e+00 1.377665e+02 2.597985e+01
1.038995e+02 0.000000e+00 1.377665e+02 -3.386700e+01
8.116232e+01 0.000000e+00 7.518419e+01 5.978129e+00
6.909665e+01 0.000000e+00 7.518419e+01 -6.087539e+00
9.717367e+01 0.000000e+00 1.122205e+02 -1.504687e+01
1.278577e+02 0.000000e+00 1.122205e+02 1.563715e+01
8.272287e+01 0.000000e+00 8.911872e+01 -6.395853e+00
1.078243e+02 0.000000e+00 8.911872e+01 1.870557e+01
1.023077e+02 0.000000e+00 1.051614e+02 -2.853641e+00
1.084772e+02 0.000000e+00 1.051614e+02 3.315849e+00
5.612457e+01 0.000000e+00 8.220420e+01 -2.607963e+01
1.036828e+02 0.000000e+00 8.220420e+01 2.147856e+01
9.679698e+01 0.000000e+00 8.593173e+01 1.086526e+01
7.696559e+01 0.000000e+00 8.593173e+01 -8.966135e+00
1.672859e+02 0.000000e+00 1.458032e+02 2.148271e+01
1.208513e+02 0.000000e+00 1.458032e+02 -2.495189e+01
8.974598e+01 0.000000e+00 8.523068e+01 4.515299e+00
8.048334e+01 0.000000e+00 8.523068e+01 -4.747344e+00
4.854312e+01 0.000000e+00 5.590956e+01 -7.366436e+00
6.374354e+01 0.000000e+00 5.590956e+01 7.833986e+00
3.291828e+02 3.372103e+02 3.372103e+02 3.291828e+02
3.483790e+02 3.372103e+02 3.372103e+02 3.483790e+02
9.510658e+01 0.000000e+00 7.711283e+01 1.799375e+01
6.032394e+01 0.000000e+00 7.711283e+01 -1.678889e+01
1.578118e+02 0.000000e+00 1.345311e+02 2.328068e+01
1.166040e+02 0.000000e+00 1.345311e+02 -1.792709e+01
4.357612e+01 0.000000e+00 9.522130e+00 3.405399e+01
-2.926127e+01 0.000000e+00 9.522130e+00 -3.878340e+01
1.706042e+02 0.000000e+00 1.094042e+02 6.120002e+01
7.743020e+01 0.000000e+00 1.094042e+02 -3.197401e+01
5.681106e+01 0.000000e+00 6.401333e+01 -7.202269e+00
7.232868e+01 0.000000e+00 6.401333e+01 8.315354e+00
2.109118e+02 0.000000e+00 1.793274e+02 3.158438e+01
1.509442e+02 0.000000e+00 1.793274e+02 -2.838325e+01
1.039606e+02 0.000000e+00 6.765564e+01 3.630497e+01
3.539714e+01 0.000000e+00 6.765564e+01 -3.225851e+01
8.547528e+01 0.000000e+00 1.039796e+02 -1.850429e+01
1.258762e+02 0.000000e+00 1.039796e+02 2.189664e+01
7.781581e+01 0.000000e+00 7.920408e+01 -1.388269e+00
8.034231e+01 0.000000e+00 7.920408e+01 1.138223e+00
2.350382e+01 0.000000e+00 2.103225e+01 2.471563e+00
1.787955e+01 0.000000e+00 2.103225e+01 -3.152707e+00
8.634958e+01 0.000000e+00 6.389726e+01 2.245232e+01
4.103231e+01 0.000000e+00 6.389726e+01 -2.286495e+01
