1.737018e+02 0.000000e+00 1.233358e+02 5.036607e+01
6.833078e+01 0.000000e+00 1.233358e+02 -5.500499e+01
2.485989e+02 0.000000e+00 1.489825e+02 9.961649e+01
6.932689e+01 0.000000e+00 1.489825e+02 -7.965556e+01
2.697439e+01 0.000000e+00 4.779559e+01 -2.082120e+01
6.470199e+01 0.000000e+00 4.779559e+01 1.690640e+01
4.280649e+02 0.000000e+00 3.261160e+02 1.019489e+02
1.630206e+02 0.000000e+00 3.261160e+02 -1.630953e+02
1.002253e+02 0.000000e+00 9.981248e+01 4.128342e-01
9.925498e+01 0.000000e+00 9.981248e+01 -5.574951e-01
2.746936e+02 0.000000e+00 1.985616e+02 7.613200e+01
1.299892e+02 0.000000e+00 1.985616e+02 -6.857242e+01
1.715172e+02 0.000000e+00 2.619577e+02 -9.044055e+01
3.434848e+02 0.000000e+00 2.619577e+02 8.152707e+01
1.247806e+02 0.000000e+00 1.630394e+02 -3.825879e+01
2.056275e+02 0.000000e+00 1.630394e+02 4.258810e+01
2.704330e+02 0.000000e+00 2.799550e+02 -9.521942e+00
2.905741e+02 0.000000e+00 2.799550e+02 1.061908e+01
1.077136e+02 0.000000e+00 1.282150e+02 -2.050140e+01
1.461247e+02 0.000000e+00 1.282150e+02 1.790968e+01
6.706163e+01 0.000000e+00 1.540473e+02 -8.698564e+01
2.381214e+02 0.000000e+00 1.540473e+02 8.407413e+01
3.387887e+02 0.000000e+00 2.701290e+02 6.865964e+01
1.869514e+02 0.000000e+00 2.701290e+02 -8.317767e+01
7.110605e+01 0.000000e+00 5.559723e+01 1.550882e+01
4.212579e+01 0.000000e+00 5.559723e+01 -1.347143e+01
6.218071e+01 0.000000e+00 1.198615e+02 -5.768082e+01
1.953132e+02 0.000000e+00 1.198615e+02 7.545164e+01
2.930106e+02 0.000000e+00 4.106637e+02 -1.176531e+02
5.561219e+02 0.000000e+00 4.106637e+02 1.454582e+02
9.114241e+02 8.541778e+02 8.541778e+02 9.114241e+02
7.868175e+02 8.541778e+02 8.541778e+02 7.868175e+02
3.300837e+02 0.000000e+00 2.694637e+02 6.062009e+01
2.310642e+02 0.000000e+00 2.694637e+02 -3.839944e+01
2.377036e+02 0.000000e+00 2.223298e+02 1.537376e+01
1.996110e+02 0.000000e+00 2.223298e+02 -2.271875e+01
1.685511e+02 0.000000e+00 2.770709e+02 -1.085198e+02
3.565644e+02 0.000000e+00 2.770709e+02 7.949353e+01
4.003608e+01 0.000000e+00 6.015873e+01 -2.012265e+01
7.779253e+01 0.000000e+00 6.015873e+01 1.763380e+01
8.679794e+01 0.000000e+00 1.768219e+02 -9.002399e+01
2.381619e+02 0.000000e+00 1.768219e+02 6.133997e+01
2.057134e+02 0.000000e+00 1.306253e+02 7.508809e+01
6.211820e+01 0.000000e+00 1.306253e+02 -6.850714e+01
3.004417e+01 0.000000e+00 5.156976e+01 -2.152559e+01
7.851318e+01 0.000000e+00 5.156976e+01 2.694342e+01
1.794656e+02 0.000000e+00 1.944250e+02 -1.495934e+01
2.088989e+02 0.000000e+00 1.944250e+02 1.447395e+01
1.827808e+02 0.000000e+00 1.293619e+02 5.341895e+01
3.508057e+01 0.000000e+00 1.293619e+02 -9.428129e+01
1.488276e+02 0.000000e+00 1.019771e+02 4.685049e+01
3.957420e+01 0.000000e+00 1.019771e+02 -6.240291e+01
