5.257808e+02 5.047357e+02 5.047357e+02 5.257808e+02
4.818217e+02 5.047357e+02 5.047357e+02 4.818217e+02
1.516563e+02 0.000000e+00 7.813380e+01 7.352247e+01
-4.595461e+00 0.000000e+00 7.813380e+01 -8.272926e+01
-2.366724e+01 0.000000e+00 -8.334880e+01 5.968156e+01
-1.270048e+02 0.000000e+00 -8.334880e+01 -4.365602e+01
-3.433151e+01 0.000000e+00 1.020315e+02 -1.363630e+02
2.154168e+02 0.000000e+00 1.020315e+02 1.133853e+02
2.333997e+02 0.000000e+00 1.673622e+02 6.603749e+01
7.378513e+01 0.000000e+00 1.673622e+02 -9.357710e+01
1.485161e+02 0.000000e+00 1.184422e+02 3.007390e+01
8.669924e+01 0.000000e+00 1.184422e+02 -3.174300e+01
1.461449e+02 0.000000e+00 1.389544e+02 7.190445e+00
1.323973e+02 0.000000e+00 1.389544e+02 -6.557098e+00
-2.836539e+01 0.000000e+00 -6.264452e+01 3.427913e+01
-8.140928e+01 0.000000e+00 -6.264452e+01 -1.876476e+01
9.420179e+01 0.000000e+00 2.066619e+02 -1.124602e+02
3.194507e+02 0.000000e+00 2.066619e+02 1.127887e+02
-2.776048e+02 0.000000e+00 -2.596229e+02 -1.798187e+01
-2.386543e+02 0.000000e+00 -2.596229e+02 2.096867e+01
8.214071e+01 0.000000e+00 7.307615e+01 9.064560e+00
6.642373e+01 0.000000e+00 7.307615e+01 -6.652420e+00
1.892307e+02 0.000000e+00 1.404994e+02 4.873131e+01
9.525790e+01 0.000000e+00 1.404994e+02 -4.524151e+01
-1.606673e+02 0.000000e+00 -2.577093e+01 -1.348964e+02
1.563627e+02 0.000000e+00 -2.577093e+01 1.821336e+02
9.492538e+01 0.000000e+00 4.141574e+01 5.350963e+01
-5.828384e+00 0.000000e+00 4.141574e+01 -4.724413e+01
1.964711e+02 0.000000e+00 1.669013e+02 2.956975e+01
1.445920e+02 0.000000e+00 1.669013e+02 -2.230928e+01
1.545341e+02 0.000000e+00 9.879039e+01 5.574368e+01
6.133729e+01 0.000000e+00 9.879039e+01 -3.745310e+01
4.506735e+01 0.000000e+00 -1.204064e+01 5.710799e+01
-7.333238e+01 0.000000e+00 -1.204064e+01 -6.129174e+01
5.447273e+00 0.000000e+00 -6.365151e+01 6.909878e+01
-1.348524e+02 0.000000e+00 -6.365151e+01 -7.120092e+01
1.662027e+02 0.000000e+00 1.211696e+02 4.503302e+01
1.012982e+02 0.000000e+00 1.211696e+02 -1.987144e+01
1.481363e+01 0.000000e+00 4.493460e+01 -3.012098e+01
6.847957e+01 0.000000e+00 4.493460e+01 2.354496e+01
9.180298e+01 0.000000e+00 1.271036e+02 -3.530064e+01
1.491591e+02 0.000000e+00 1.271036e+02 2.205553e+01
-6.804237e+01 0.000000e+00 -9.791985e+01 2.987748e+01
-1.183829e+02 0.000000e+00 -9.791985e+01 -2.046301e+01
1.028670e+02 0.000000e+00 1.063813e+02 -3.514290e+00
1.095742e+02 0.000000e+00 1.063813e+02 3.192924e+00
7.239959e+01 0.000000e+00 6.287294e+01 9.526653e+00
5.229902e+01 0.000000e+00 6.287294e+01 -1.057391e+01
3.406718e+01 0.000000e+00 -8.323802e+00 4.239099e+01
-6.401966e+01 0.000000e+00 -8.323802e+00 -5.569586e+01
-1.442600e+02 0.000000e+00 -5.794692e+01 -8.631312e+01
9.030967e-01 0.000000e+00 -5.794692e+01 5.885002e+01
