1.016501e+02 0.000000e+00 9.514323e+01 6.506892e+00
8.805523e+01 0.000000e+00 9.514323e+01 -7.088005e+00
2.166766e+02 0.000000e+00 1.514727e+02 6.520390e+01
8.996440e+01 0.000000e+00 1.514727e+02 -6.150826e+01
6.247607e+01 0.000000e+00 6.960268e+01 -7.126605e+00
7.593321e+01 0.000000e+00 6.960268e+01 6.330526e+00
2.110979e+02 0.000000e+00 1.496516e+02 6.144631e+01
7.369605e+01 0.000000e+00 1.496516e+02 -7.595557e+01
2.151404e+02 0.000000e+00 1.783855e+02 3.675483e+01
1.313075e+02 0.000000e+00 1.783855e+02 -4.707800e+01
1.418723e+02 0.000000e+00 1.253631e+02 1.650921e+01
1.079231e+02 0.000000e+00 1.253631e+02 -1.743998e+01
1.287336e+02 0.000000e+00 1.427928e+02 -1.405911e+01
1.576319e+02 0.000000e+00 1.427928e+02 1.483914e+01
1.012911e+02 0.000000e+00 1.082785e+02 -6.987404e+00
1.275162e+02 0.000000e+00 1.082785e+02 1.923768e+01
1.459155e+02 0.000000e+00 1.438663e+02 2.049238e+00
1.424629e+02 0.000000e+00 1.438663e+02 -1.403357e+00
9.505004e+01 0.000000e+00 1.087398e+02 -1.368975e+01
1.198891e+02 0.000000e+00 1.087398e+02 1.114929e+01
1.298465e+02 0.000000e+00 1.189658e+02 1.088073e+01
1.097772e+02 0.000000e+00 1.189658e+02 -9.188575e+00
2.197705e+02 0.000000e+00 1.896663e+02 3.010412e+01
1.561569e+02 0.000000e+00 1.896663e+02 -3.350948e+01
1.242950e+02 0.000000e+00 1.170475e+02 7.247413e+00
1.091700e+02 0.000000e+00 1.170475e+02 -7.877514e+00
2.561985e+02 2.661573e+02 2.661573e+02 2.561985e+02
2.766916e+02 2.661573e+02 2.661573e+02 2.766916e+02
2.570990e+02 0.000000e+00 2.621412e+02 -5.042231e+00
2.701100e+02 0.000000e+00 2.621412e+02 7.968843e+00
1.174196e+02 0.000000e+00 9.936360e+01 1.805597e+01
8.187608e+01 0.000000e+00 9.936360e+01 -1.748751e+01
2.025441e+02 0.000000e+00 1.741501e+02 2.839399e+01
1.532735e+02 0.000000e+00 1.741501e+02 -2.087659e+01
1.000008e+02 0.000000e+00 5.837071e+01 4.163012e+01
1.345670e+01 0.000000e+00 5.837071e+01 -4.491401e+01
1.927287e+02 0.000000e+00 1.344843e+02 5.824438e+01
1.035305e+02 0.000000e+00 1.344843e+02 -3.095380e+01
7.762740e+01 0.000000e+00 9.598259e+01 -1.835519e+01
1.161611e+02 0.000000e+00 9.598259e+01 2.017847e+01
2.120491e+02 0.000000e+00 1.817367e+02 3.031245e+01
1.554798e+02 0.000000e+00 1.817367e+02 -2.625685e+01
1.679547e+02 0.000000e+00 1.215074e+02 4.644731e+01
8.339336e+01 0.000000e+00 1.215074e+02 -3.811402e+01
1.151016e+02 0.000000e+00 1.293258e+02 -1.422416e+01
1.462211e+02 0.000000e+00 1.293258e+02 1.689525e+01
1.119529e+02 0.000000e+00 1.087149e+02 3.238053e+00
1.046847e+02 0.000000e+00 1.087149e+02 -4.030181e+00
4.228000e+01 0.000000e+00 4.333074e+01 -1.050746e+00
4.436513e+01 0.000000e+00 4.333074e+01 1.034386e+00
1.082331e+02 0.000000e+00 9.140084e+01 1.683222e+01
7.555698e+01 0.000000e+00 9.140084e+01 -1.584385e+01
