1.120815e+02 0.000000e+00 1.095081e+02 2.573454e+00
1.066181e+02 0.000000e+00 1.095081e+02 -2.889924e+00
2.103252e+02 0.000000e+00 1.391196e+02 7.120563e+01
7.308030e+01 0.000000e+00 1.391196e+02 -6.603932e+01
5.086063e+01 0.000000e+00 5.756200e+01 -6.701373e+00
6.313978e+01 0.000000e+00 5.756200e+01 5.577782e+00
3.548585e+02 2.979036e+02 2.979036e+02 3.548585e+02
2.273607e+02 2.979036e+02 2.979036e+02 2.273607e+02
1.812872e+02 0.000000e+00 1.551090e+02 2.617825e+01
1.220242e+02 0.000000e+00 1.551090e+02 -3.308481e+01
1.162787e+02 0.000000e+00 1.070504e+02 9.228355e+00
9.769240e+01 0.000000e+00 1.070504e+02 -9.357985e+00
1.210407e+02 0.000000e+00 1.380526e+02 -1.701196e+01
1.561288e+02 0.000000e+00 1.380526e+02 1.807615e+01
1.216474e+02 0.000000e+00 1.257660e+02 -4.118655e+00
1.434580e+02 0.000000e+00 1.257660e+02 1.769195e+01
1.190715e+02 0.000000e+00 1.230677e+02 -3.996163e+00
1.272760e+02 0.000000e+00 1.230677e+02 4.208303e+00
9.444828e+01 0.000000e+00 1.107724e+02 -1.632409e+01
1.237316e+02 0.000000e+00 1.107724e+02 1.295921e+01
1.214076e+02 0.000000e+00 1.080939e+02 1.331373e+01
9.674598e+01 0.000000e+00 1.080939e+02 -1.134793e+01
2.303333e+02 0.000000e+00 2.035300e+02 2.680332e+01
1.725043e+02 0.000000e+00 2.035300e+02 -3.102573e+01
1.175081e+02 0.000000e+00 1.129084e+02 4.599730e+00
1.081798e+02 0.000000e+00 1.129084e+02 -4.728535e+00
8.530004e+01 0.000000e+00 9.199165e+01 -6.691607e+00
9.868080e+01 0.000000e+00 9.199165e+01 6.689148e+00
2.601931e+02 0.000000e+00 2.653139e+02 -5.120823e+00
2.732327e+02 0.000000e+00 2.653139e+02 7.918810e+00
1.231698e+02 0.000000e+00 1.022595e+02 2.091028e+01
8.227077e+01 0.000000e+00 1.022595e+02 -1.998871e+01
1.688785e+02 0.000000e+00 1.543955e+02 1.448299e+01
1.446511e+02 0.000000e+00 1.543955e+02 -9.744449e+00
8.738882e+01 0.000000e+00 4.269616e+01 4.469266e+01
-8.233326e+00 0.000000e+00 4.269616e+01 -5.092948e+01
1.861248e+02 0.000000e+00 1.247907e+02 6.133415e+01
9.295438e+01 0.000000e+00 1.247907e+02 -3.183630e+01
8.384794e+01 0.000000e+00 8.916948e+01 -5.321534e+00
9.518423e+01 0.000000e+00 8.916948e+01 6.014758e+00
2.256361e+02 0.000000e+00 1.925196e+02 3.311655e+01
1.631498e+02 0.000000e+00 1.925196e+02 -2.936974e+01
1.443632e+02 0.000000e+00 1.064824e+02 3.788081e+01
7.406895e+01 0.000000e+00 1.064824e+02 -3.241344e+01
1.205229e+02 0.000000e+00 1.297007e+02 -9.177824e+00
1.420581e+02 0.000000e+00 1.297007e+02 1.235744e+01
1.004989e+02 0.000000e+00 9.830351e+01 2.195402e+00
9.551511e+01 0.000000e+00 9.830351e+01 -2.788402e+00
4.674019e+01 0.000000e+00 4.638339e+01 3.568051e-01
4.615210e+01 0.000000e+00 4.638339e+01 -2.312907e-01
1.102258e+02 0.000000e+00 8.434555e+01 2.588024e+01
5.914055e+01 0.000000e+00 8.434555e+01 -2.520500e+01
