3.292015e+02 0.000000e+00 3.112322e+02 1.796936e+01
2.933224e+02 0.000000e+00 3.112322e+02 -1.790979e+01
1.622988e+02 0.000000e+00 8.736393e+01 7.493485e+01
2.790605e+01 0.000000e+00 8.736393e+01 -5.945788e+01
1.080461e+02 0.000000e+00 5.742091e+01 5.062515e+01
1.765616e+01 0.000000e+00 5.742091e+01 -3.976476e+01
1.336217e+02 0.000000e+00 8.331581e+01 5.030586e+01
1.712515e+01 0.000000e+00 8.331581e+01 -6.619066e+01
3.556213e+02 0.000000e+00 3.601512e+02 -4.529938e+00
3.653559e+02 0.000000e+00 3.601512e+02 5.204712e+00
2.523913e+01 0.000000e+00 3.370242e+01 -8.463287e+00
4.137629e+01 0.000000e+00 3.370242e+01 7.673874e+00
1.755995e+02 0.000000e+00 1.823417e+02 -6.742157e+00
1.883924e+02 0.000000e+00 1.823417e+02 6.050674e+00
7.094926e+01 0.000000e+00 1.854989e+02 -1.145496e+02
2.731368e+02 0.000000e+00 1.854989e+02 8.763791e+01
1.947855e+02 0.000000e+00 2.206172e+02 -2.583165e+01
2.494369e+02 0.000000e+00 2.206172e+02 2.881969e+01
9.977758e+01 0.000000e+00 1.888362e+02 -8.905865e+01
2.475752e+02 0.000000e+00 1.888362e+02 5.873900e+01
2.400411e+02 0.000000e+00 1.854917e+02 5.454939e+01
1.299366e+02 0.000000e+00 1.854917e+02 -5.555505e+01
3.102925e+02 0.000000e+00 2.747502e+02 3.554239e+01
2.339568e+02 0.000000e+00 2.747502e+02 -4.079335e+01
2.454744e+02 0.000000e+00 3.118318e+02 -6.635745e+01
3.741451e+02 0.000000e+00 3.118318e+02 6.231326e+01
1.669417e+01 0.000000e+00 6.596684e+01 -4.927267e+01
1.204858e+02 0.000000e+00 6.596684e+01 5.451894e+01
3.802666e+02 0.000000e+00 3.363394e+02 4.392722e+01
2.825772e+02 0.000000e+00 3.363394e+02 -5.376224e+01
3.571823e+02 0.000000e+00 3.414365e+02 1.574582e+01
3.248108e+02 0.000000e+00 3.414365e+02 -1.662576e+01
4.002734e+02 0.000000e+00 3.754955e+02 2.477795e+01
3.506575e+02 0.000000e+00 3.754955e+02 -2.483801e+01
2.441892e+02 0.000000e+00 2.122914e+02 3.189784e+01
1.804063e+02 0.000000e+00 2.122914e+02 -3.188507e+01
3.962443e+02 0.000000e+00 3.655282e+02 3.071609e+01
3.473113e+02 0.000000e+00 3.655282e+02 -1.821695e+01
1.020062e+02 0.000000e+00 8.362474e+01 1.838149e+01
6.293184e+01 0.000000e+00 8.362474e+01 -2.069290e+01
2.460416e+02 0.000000e+00 2.949927e+02 -4.895114e+01
3.314366e+02 0.000000e+00 2.949927e+02 3.644394e+01
2.111523e+02 0.000000e+00 2.392015e+02 -2.804924e+01
2.675556e+02 0.000000e+00 2.392015e+02 2.835411e+01
1.005256e+02 0.000000e+00 8.084687e+01 1.967873e+01
5.542985e+01 0.000000e+00 8.084687e+01 -2.541702e+01
1.426278e+02 0.000000e+00 1.384575e+02 4.170288e+00
1.339258e+02 0.000000e+00 1.384575e+02 -4.531738e+00
4.103547e+02 3.555040e+02 3.555040e+02 4.103547e+02
2.964526e+02 3.555040e+02 3.555040e+02 2.964526e+02
2.147830e+02 0.000000e+00 1.886582e+02 2.612477e+01
1.639290e+02 0.000000e+00 1.886582e+02 -2.472920e+01
