3.071771e+02 0.000000e+00 2.527702e+02 5.440692e+01
2.033269e+02 0.000000e+00 2.527702e+02 -4.944330e+01
2.609009e+02 0.000000e+00 1.660573e+02 9.484361e+01
1.021471e+02 0.000000e+00 1.660573e+02 -6.391024e+01
6.490331e+01 0.000000e+00 5.237105e+01 1.253226e+01
4.201326e+01 0.000000e+00 5.237105e+01 -1.035779e+01
2.239918e+02 0.000000e+00 1.362854e+02 8.770638e+01
2.140169e+01 0.000000e+00 1.362854e+02 -1.148838e+02
5.373108e+02 0.000000e+00 4.238336e+02 1.134772e+02
3.060325e+02 0.000000e+00 4.238336e+02 -1.178011e+02
1.782249e+02 0.000000e+00 2.063456e+02 -2.812070e+01
2.411658e+02 0.000000e+00 2.063456e+02 3.482022e+01
7.234796e+01 0.000000e+00 1.070960e+02 -3.474802e+01
1.425609e+02 0.000000e+00 1.070960e+02 3.546489e+01
-9.555043e+00 0.000000e+00 8.108816e+01 -9.064320e+01
2.146276e+02 0.000000e+00 8.108816e+01 1.335394e+02
1.245970e+02 0.000000e+00 6.608024e+01 5.851674e+01
1.261280e+01 0.000000e+00 6.608024e+01 -5.346744e+01
9.943240e+01 0.000000e+00 9.909655e+01 3.358536e-01
9.884232e+01 0.000000e+00 9.909655e+01 -2.542267e-01
3.013760e+02 0.000000e+00 2.368592e+02 6.451682e+01
1.785747e+02 0.000000e+00 2.368592e+02 -5.828445e+01
2.968652e+02 0.000000e+00 2.645575e+02 3.230774e+01
2.305891e+02 0.000000e+00 2.645575e+02 -3.396837e+01
4.751878e+02 0.000000e+00 4.491534e+02 2.603445e+01
4.264435e+02 0.000000e+00 4.491534e+02 -2.270987e+01
1.026266e+02 0.000000e+00 1.064271e+02 -3.800468e+00
1.110958e+02 0.000000e+00 1.064271e+02 4.668755e+00
3.223232e+02 0.000000e+00 3.161212e+02 6.201996e+00
3.090513e+02 0.000000e+00 3.161212e+02 -7.069977e+00
1.785938e+02 0.000000e+00 1.813934e+02 -2.799652e+00
1.841546e+02 0.000000e+00 1.813934e+02 2.761200e+00
4.133628e+02 0.000000e+00 4.002455e+02 1.311728e+01
3.865247e+02 0.000000e+00 4.002455e+02 -1.372076e+01
5.637047e+01 0.000000e+00 9.079993e+01 -3.442946e+01
1.266231e+02 0.000000e+00 9.079993e+01 3.582314e+01
6.253623e+02 5.220848e+02 5.220848e+02 6.253623e+02
4.668153e+02 5.220848e+02 5.220848e+02 4.668153e+02
8.607706e+01 0.000000e+00 1.332916e+02 -4.721457e+01
1.893740e+02 0.000000e+00 1.332916e+02 5.608237e+01
1.774830e+02 0.000000e+00 1.551020e+02 2.238101e+01
1.362772e+02 0.000000e+00 1.551020e+02 -1.882481e+01
1.899046e+02 0.000000e+00 1.451553e+02 4.474930e+01
1.072889e+02 0.000000e+00 1.451553e+02 -3.786639e+01
1.204420e+01 0.000000e+00 1.091804e+02 -9.713618e+01
2.034729e+02 0.000000e+00 1.091804e+02 9.429248e+01
1.473429e+02 0.000000e+00 1.844009e+02 -3.705798e+01
2.273129e+02 0.000000e+00 1.844009e+02 4.291203e+01
1.225710e+02 0.000000e+00 1.765317e+02 -5.396075e+01
2.527223e+02 0.000000e+00 1.765317e+02 7.619055e+01
3.552453e+02 0.000000e+00 2.380698e+02 1.171755e+02
1.249641e+02 0.000000e+00 2.380698e+02 -1.131057e+02
