1.314559e+02 0.000000e+00 1.251372e+02 6.318665e+00
1.181056e+02 0.000000e+00 1.251372e+02 -7.031571e+00
2.196327e+02 0.000000e+00 1.509653e+02 6.866737e+01
8.694066e+01 0.000000e+00 1.509653e+02 -6.402464e+01
6.597110e+01 0.000000e+00 6.530107e+01 6.700258e-01
6.519895e+01 0.000000e+00 6.530107e+01 -1.021182e-01
2.182589e+02 0.000000e+00 1.561463e+02 6.211264e+01
8.026879e+01 0.000000e+00 1.561463e+02 -7.587750e+01
2.113368e+02 0.000000e+00 1.763427e+02 3.499408e+01
1.326804e+02 0.000000e+00 1.763427e+02 -4.366236e+01
1.605639e+02 0.000000e+00 1.402738e+02 2.029013e+01
1.209683e+02 0.000000e+00 1.402738e+02 -1.930555e+01
1.136293e+02 0.000000e+00 1.325035e+02 -1.887419e+01
1.525776e+02 0.000000e+00 1.325035e+02 2.007409e+01
9.185375e+01 0.000000e+00 1.047504e+02 -1.289662e+01
1.241746e+02 0.000000e+00 1.047504e+02 1.942420e+01
1.602409e+02 0.000000e+00 1.533653e+02 6.875574e+00
1.473815e+02 0.000000e+00 1.533653e+02 -5.983824e+00
9.802168e+01 0.000000e+00 1.178049e+02 -1.978324e+01
1.341995e+02 0.000000e+00 1.178049e+02 1.639454e+01
1.422172e+02 0.000000e+00 1.252848e+02 1.693233e+01
1.105713e+02 0.000000e+00 1.252848e+02 -1.471359e+01
2.545523e+02 0.000000e+00 2.306447e+02 2.390763e+01
2.070700e+02 0.000000e+00 2.306447e+02 -2.357468e+01
1.305352e+02 0.000000e+00 1.263137e+02 4.221426e+00
1.217470e+02 0.000000e+00 1.263137e+02 -4.566756e+00
1.299565e+02 0.000000e+00 1.401505e+02 -1.019400e+01
1.506758e+02 0.000000e+00 1.401505e+02 1.052522e+01
2.804766e+02 0.000000e+00 2.863194e+02 -5.842787e+00
2.958250e+02 0.000000e+00 2.863194e+02 9.505639e+00
1.323468e+02 0.000000e+00 1.154378e+02 1.690903e+01
9.956511e+01 0.000000e+00 1.154378e+02 -1.587268e+01
1.994210e+02 0.000000e+00 1.782680e+02 2.115296e+01
1.611246e+02 0.000000e+00 1.782680e+02 -1.714336e+01
1.302302e+02 0.000000e+00 7.531371e+01 5.491644e+01
1.385109e+01 0.000000e+00 7.531371e+01 -6.146262e+01
1.812327e+02 0.000000e+00 1.466464e+02 3.458634e+01
1.242987e+02 0.000000e+00 1.466464e+02 -2.234770e+01
8.379534e+01 0.000000e+00 9.743995e+01 -1.364461e+01
1.140306e+02 0.000000e+00 9.743995e+01 1.659063e+01
2.394075e+02 0.000000e+00 1.996493e+02 3.975821e+01
1.646351e+02 0.000000e+00 1.996493e+02 -3.501415e+01
1.778325e+02 0.000000e+00 1.253300e+02 5.250244e+01
8.116230e+01 0.000000e+00 1.253300e+02 -4.416774e+01
1.196006e+02 0.000000e+00 1.314873e+02 -1.188671e+01
1.469018e+02 0.000000e+00 1.314873e+02 1.541448e+01
2.805876e+02 2.690851e+02 2.690851e+02 2.805876e+02
2.548361e+02 2.690851e+02 2.690851e+02 2.548361e+02
5.130394e+01 0.000000e+00 5.868502e+01 -7.381082e+00
6.945898e+01 0.000000e+00 5.868502e+01 1.077395e+01
1.146611e+02 0.000000e+00 9.734258e+01 1.731856e+01
8.035958e+01 0.000000e+00 9.734258e+01 -1.698300e+01
