2.047106e+02 0.000000e+00 1.908978e+02 1.381273e+01
1.797657e+02 0.000000e+00 1.908978e+02 -1.113217e+01
3.067689e+02 0.000000e+00 2.168851e+02 8.988380e+01
1.221260e+02 0.000000e+00 2.168851e+02 -9.475908e+01
2.036931e+02 0.000000e+00 1.280968e+02 7.559630e+01
5.871505e+01 0.000000e+00 1.280968e+02 -6.938172e+01
2.905584e+02 0.000000e+00 2.093112e+02 8.124721e+01
7.139652e+01 0.000000e+00 2.093112e+02 -1.379147e+02
2.457130e+02 0.000000e+00 2.543384e+02 -8.625397e+00
2.669805e+02 0.000000e+00 2.543384e+02 1.264209e+01
3.952338e+02 0.000000e+00 3.458453e+02 4.938849e+01
2.890955e+02 0.000000e+00 3.458453e+02 -5.674982e+01
9.241896e+01 0.000000e+00 1.357282e+02 -4.330923e+01
1.783241e+02 0.000000e+00 1.357282e+02 4.259595e+01
2.959576e+02 0.000000e+00 3.019726e+02 -6.015045e+00
3.073364e+02 0.000000e+00 3.019726e+02 5.363800e+00
3.440258e+02 0.000000e+00 3.097354e+02 3.429047e+01
2.713175e+02 0.000000e+00 3.097354e+02 -3.841788e+01
1.776233e+02 0.000000e+00 2.065091e+02 -2.888580e+01
2.314571e+02 0.000000e+00 2.065091e+02 2.494798e+01
1.585284e+02 0.000000e+00 8.797572e+01 7.055264e+01
5.344300e+01 0.000000e+00 8.797572e+01 -3.453271e+01
4.476372e+02 0.000000e+00 3.406541e+02 1.069831e+02
1.695303e+02 0.000000e+00 3.406541e+02 -1.711237e+02
2.936165e+02 0.000000e+00 3.131464e+02 -1.952985e+01
3.333352e+02 0.000000e+00 3.131464e+02 2.018887e+01
1.859160e+02 0.000000e+00 2.706542e+02 -8.473828e+01
3.588529e+02 0.000000e+00 2.706542e+02 8.819870e+01
7.985672e+02 0.000000e+00 8.477176e+02 -4.915039e+01
9.117664e+02 0.000000e+00 8.477176e+02 6.404883e+01
3.492750e+02 0.000000e+00 3.300519e+02 1.922308e+01
3.102455e+02 0.000000e+00 3.300519e+02 -1.980646e+01
6.950984e+02 6.891393e+02 6.891393e+02 6.950984e+02
6.819694e+02 6.891393e+02 6.891393e+02 6.819694e+02
3.246237e+02 0.000000e+00 2.602504e+02 6.437329e+01
1.893586e+02 0.000000e+00 2.602504e+02 -7.089177e+01
3.278725e+02 0.000000e+00 2.634766e+02 6.439587e+01
2.316583e+02 0.000000e+00 2.634766e+02 -3.181834e+01
1.369434e+02 0.000000e+00 1.774850e+02 -4.054160e+01
2.192384e+02 0.000000e+00 1.774850e+02 4.175336e+01
2.211196e+02 0.000000e+00 2.673022e+02 -4.618260e+01
3.034181e+02 0.000000e+00 2.673022e+02 3.611584e+01
2.765423e+02 0.000000e+00 2.706777e+02 5.864624e+00
2.650360e+02 0.000000e+00 2.706777e+02 -5.641663e+00
3.513221e+02 0.000000e+00 3.726012e+02 -2.127914e+01
3.976840e+02 0.000000e+00 3.726012e+02 2.508276e+01
2.384084e+02 0.000000e+00 2.674299e+02 -2.902150e+01
3.035130e+02 0.000000e+00 2.674299e+02 3.608307e+01
2.910410e+02 0.000000e+00 3.028566e+02 -1.181558e+01
3.160305e+02 0.000000e+00 3.028566e+02 1.317395e+01
1.645854e+02 0.000000e+00 1.956458e+02 -3.106038e+01
2.326203e+02 0.000000e+00 1.956458e+02 3.697443e+01
