1.282484e+02 0.000000e+00 1.220398e+02 6.208576e+00
1.173509e+02 0.000000e+00 1.220398e+02 -4.688957e+00
2.047285e+02 0.000000e+00 1.340036e+02 7.072498e+01
6.665529e+01 0.000000e+00 1.340036e+02 -6.734827e+01
5.022723e+01 0.000000e+00 5.552148e+01 -5.294258e+00
6.020719e+01 0.000000e+00 5.552148e+01 4.685710e+00
2.191555e+02 0.000000e+00 1.760836e+02 4.307190e+01
1.218624e+02 0.000000e+00 1.760836e+02 -5.422118e+01
2.047901e+02 0.000000e+00 1.658095e+02 3.898068e+01
1.166836e+02 0.000000e+00 1.658095e+02 -4.912583e+01
1.288128e+02 0.000000e+00 1.166199e+02 1.219294e+01
1.035122e+02 0.000000e+00 1.166199e+02 -1.310764e+01
1.517176e+02 0.000000e+00 1.665303e+02 -1.481269e+01
1.828569e+02 0.000000e+00 1.665303e+02 1.632659e+01
1.203118e+02 0.000000e+00 1.263182e+02 -6.006443e+00
1.473974e+02 0.000000e+00 1.263182e+02 2.107914e+01
1.292409e+02 0.000000e+00 1.358711e+02 -6.630238e+00
1.424409e+02 0.000000e+00 1.358711e+02 6.569789e+00
8.412491e+01 0.000000e+00 1.011873e+02 -1.706242e+01
1.156519e+02 0.000000e+00 1.011873e+02 1.446459e+01
1.258287e+02 0.000000e+00 1.147208e+02 1.110789e+01
1.054088e+02 0.000000e+00 1.147208e+02 -9.312017e+00
2.534295e+02 0.000000e+00 2.148144e+02 3.861511e+01
1.684207e+02 0.000000e+00 2.148144e+02 -4.639368e+01
1.334715e+02 0.000000e+00 1.201508e+02 1.332074e+01
1.061376e+02 0.000000e+00 1.201508e+02 -1.401318e+01
1.014642e+02 0.000000e+00 1.064662e+02 -5.001982e+00
1.118515e+02 0.000000e+00 1.064662e+02 5.385355e+00
2.722741e+02 0.000000e+00 2.767698e+02 -4.495777e+00
2.841303e+02 0.000000e+00 2.767698e+02 7.360494e+00
1.330789e+02 0.000000e+00 1.125376e+02 2.054136e+01
9.334440e+01 0.000000e+00 1.125376e+02 -1.919318e+01
2.052624e+02 0.000000e+00 1.706719e+02 3.459056e+01
1.471272e+02 0.000000e+00 1.706719e+02 -2.354468e+01
8.728206e+01 0.000000e+00 4.767690e+01 3.960516e+01
3.657155e+00 0.000000e+00 4.767690e+01 -4.401974e+01
1.704411e+02 0.000000e+00 1.167544e+02 5.368670e+01
8.781196e+01 0.000000e+00 1.167544e+02 -2.894241e+01
7.306220e+01 0.000000e+00 8.602864e+01 -1.296644e+01
9.981999e+01 0.000000e+00 8.602864e+01 1.379135e+01
2.233078e+02 0.000000e+00 2.036607e+02 1.964710e+01
1.845157e+02 0.000000e+00 2.036607e+02 -1.914499e+01
1.570820e+02 0.000000e+00 1.097422e+02 4.733975e+01
6.933205e+01 0.000000e+00 1.097422e+02 -4.041018e+01
2.677915e+02 2.629106e+02 2.629106e+02 2.677915e+02
2.603371e+02 2.629106e+02 2.629106e+02 2.603371e+02
1.155466e+02 0.000000e+00 1.074165e+02 8.130060e+00
9.939026e+01 0.000000e+00 1.074165e+02 -8.026275e+00
4.189256e+01 0.000000e+00 4.608919e+01 -4.196630e+00
5.283370e+01 0.000000e+00 4.608919e+01 6.744509e+00
1.143508e+02 0.000000e+00 9.108536e+01 2.326545e+01
6.887539e+01 0.000000e+00 9.108536e+01 -2.220997e+01
