1.013564e+02 0.000000e+00 9.871080e+01 2.645581e+00
9.623958e+01 0.000000e+00 9.871080e+01 -2.471221e+00
3.176965e+02 2.451297e+02 2.451297e+02 3.176965e+02
1.776126e+02 2.451297e+02 2.451297e+02 1.776126e+02
5.852665e+01 0.000000e+00 6.533223e+01 -6.805579e+00
7.162679e+01 0.000000e+00 6.533223e+01 6.294557e+00
1.987531e+02 0.000000e+00 1.475010e+02 5.125207e+01
8.683350e+01 0.000000e+00 1.475010e+02 -6.066754e+01
1.979001e+02 0.000000e+00 1.757199e+02 2.218023e+01
1.484547e+02 0.000000e+00 1.757199e+02 -2.726520e+01
1.179810e+02 0.000000e+00 1.063779e+02 1.160313e+01
9.383043e+01 0.000000e+00 1.063779e+02 -1.254745e+01
1.053561e+02 0.000000e+00 1.313213e+02 -2.596522e+01
1.589247e+02 0.000000e+00 1.313213e+02 2.760342e+01
1.095661e+02 0.000000e+00 1.211954e+02 -1.162927e+01
1.470895e+02 0.000000e+00 1.211954e+02 2.589404e+01
1.246637e+02 0.000000e+00 1.262671e+02 -1.603418e+00
1.281181e+02 0.000000e+00 1.262671e+02 1.850963e+00
9.809043e+01 0.000000e+00 1.116064e+02 -1.351597e+01
1.224381e+02 0.000000e+00 1.116064e+02 1.083170e+01
1.453122e+02 0.000000e+00 1.277729e+02 1.753928e+01
1.129668e+02 0.000000e+00 1.277729e+02 -1.480609e+01
2.043198e+02 0.000000e+00 1.834890e+02 2.083084e+01
1.596987e+02 0.000000e+00 1.834890e+02 -2.379031e+01
1.237715e+02 0.000000e+00 1.165815e+02 7.189923e+00
1.088451e+02 0.000000e+00 1.165815e+02 -7.736441e+00
9.920625e+01 0.000000e+00 1.085726e+02 -9.366324e+00
1.190570e+02 0.000000e+00 1.085726e+02 1.048447e+01
2.434864e+02 0.000000e+00 2.522824e+02 -8.795998e+00
2.632836e+02 0.000000e+00 2.522824e+02 1.100120e+01
1.062547e+02 0.000000e+00 8.632523e+01 1.992944e+01
6.738296e+01 0.000000e+00 8.632523e+01 -1.894227e+01
1.847710e+02 0.000000e+00 1.662046e+02 1.856639e+01
1.529234e+02 0.000000e+00 1.662046e+02 -1.328112e+01
8.404840e+01 0.000000e+00 4.083483e+01 4.321357e+01
-8.199799e+00 0.000000e+00 4.083483e+01 -4.903463e+01
2.226206e+02 0.000000e+00 1.438786e+02 7.874205e+01
1.070343e+02 0.000000e+00 1.438786e+02 -3.684426e+01
8.516788e+01 0.000000e+00 9.384166e+01 -8.673774e+00
1.027009e+02 0.000000e+00 9.384166e+01 8.859250e+00
2.041624e+02 0.000000e+00 1.644523e+02 3.971011e+01
1.280032e+02 0.000000e+00 1.644523e+02 -3.644907e+01
1.381840e+02 0.000000e+00 1.038029e+02 3.438112e+01
7.554487e+01 0.000000e+00 1.038029e+02 -2.825801e+01
1.055158e+02 0.000000e+00 1.217472e+02 -1.623142e+01
1.417104e+02 0.000000e+00 1.217472e+02 1.996315e+01
8.353704e+01 0.000000e+00 9.136558e+01 -7.828538e+00
9.936728e+01 0.000000e+00 9.136558e+01 8.001696e+00
5.513665e+01 0.000000e+00 4.270198e+01 1.243467e+01
2.619061e+01 0.000000e+00 4.270198e+01 -1.651137e+01
1.042944e+02 0.000000e+00 8.071595e+01 2.357841e+01
5.676113e+01 0.000000e+00 8.071595e+01 -2.395482e+01
