1.877811e+02 0.000000e+00 1.641073e+02 2.367371e+01
1.386454e+02 0.000000e+00 1.641073e+02 -2.546199e+01
3.237728e+02 0.000000e+00 2.994732e+02 2.429956e+01
2.826588e+02 0.000000e+00 2.994732e+02 -1.681439e+01
5.933905e+01 0.000000e+00 9.852199e+01 -3.918294e+01
1.307338e+02 0.000000e+00 9.852199e+01 3.221185e+01
1.749868e+02 0.000000e+00 1.283520e+02 4.663484e+01
6.938584e+01 0.000000e+00 1.283520e+02 -5.896616e+01
2.696298e+02 0.000000e+00 2.452927e+02 2.433716e+01
2.114732e+02 0.000000e+00 2.452927e+02 -3.381947e+01
1.189055e+02 0.000000e+00 1.551793e+02 -3.627379e+01
1.839462e+02 0.000000e+00 1.551793e+02 2.876692e+01
6.209850e+01 0.000000e+00 1.201310e+02 -5.803252e+01
1.854881e+02 0.000000e+00 1.201310e+02 6.535704e+01
1.706019e+02 0.000000e+00 2.754006e+02 -1.047987e+02
4.069348e+02 0.000000e+00 2.754006e+02 1.315342e+02
1.647601e+02 0.000000e+00 1.622556e+02 2.504547e+00
1.601451e+02 0.000000e+00 1.622556e+02 -2.110504e+00
7.060238e+01 0.000000e+00 6.986661e+01 7.357712e-01
6.918610e+01 0.000000e+00 6.986661e+01 -6.805115e-01
4.290242e+02 4.193448e+02 4.193448e+02 4.290242e+02
4.091851e+02 4.193448e+02 4.193448e+02 4.091851e+02
3.397335e+02 0.000000e+00 2.841057e+02 5.562781e+01
2.253561e+02 0.000000e+00 2.841057e+02 -5.874960e+01
1.695180e+02 0.000000e+00 1.567121e+02 1.280589e+01
1.438459e+02 0.000000e+00 1.567121e+02 -1.286623e+01
1.755682e+02 0.000000e+00 1.836425e+02 -8.074310e+00
1.906700e+02 0.000000e+00 1.836425e+02 7.027496e+00
5.243237e+02 0.000000e+00 5.539756e+02 -2.965186e+01
5.817181e+02 0.000000e+00 5.539756e+02 2.774255e+01
2.099695e+02 0.000000e+00 1.902778e+02 1.969174e+01
1.717568e+02 0.000000e+00 1.902778e+02 -1.852100e+01
6.375940e+01 0.000000e+00 5.799423e+01 5.765163e+00
5.054485e+01 0.000000e+00 5.799423e+01 -7.449379e+00
3.518917e+00 0.000000e+00 -1.064477e+02 1.099666e+02
-2.182550e+02 0.000000e+00 -1.064477e+02 -1.118073e+02
3.365076e+02 0.000000e+00 2.042632e+02 1.322444e+02
1.587321e+02 0.000000e+00 2.042632e+02 -4.553107e+01
6.034788e+00 0.000000e+00 4.375884e+01 -3.772405e+01
7.961732e+01 0.000000e+00 4.375884e+01 3.585848e+01
3.644503e+02 0.000000e+00 3.619057e+02 2.544647e+00
3.593027e+02 0.000000e+00 3.619057e+02 -2.602997e+00
2.885033e+02 0.000000e+00 2.440208e+02 4.448250e+01
2.135749e+02 0.000000e+00 2.440208e+02 -3.044594e+01
2.153875e+02 0.000000e+00 2.582711e+02 -4.288362e+01
3.077771e+02 0.000000e+00 2.582711e+02 4.950598e+01
9.997736e+01 0.000000e+00 1.266792e+02 -2.670181e+01
1.538630e+02 0.000000e+00 1.266792e+02 2.718388e+01
9.288734e+01 0.000000e+00 6.640333e+01 2.648402e+01
3.436277e+01 0.000000e+00 6.640333e+01 -3.204056e+01
8.831908e+01 0.000000e+00 2.514335e+01 6.317573e+01
-4.057224e+01 0.000000e+00 2.514335e+01 -6.571559e+01
