1.619872e+02 0.000000e+00 1.788791e+02 -1.689189e+01
2.051460e+02 0.000000e+00 1.788791e+02 2.626682e+01
5.295376e+02 0.000000e+00 4.135127e+02 1.160249e+02
2.869158e+02 0.000000e+00 4.135127e+02 -1.265969e+02
1.920292e+01 0.000000e+00 1.868352e+00 1.733457e+01
-1.004320e+01 0.000000e+00 1.868352e+00 -1.191156e+01
8.368503e+01 0.000000e+00 4.293430e+01 4.075073e+01
-6.411037e+00 0.000000e+00 4.293430e+01 -4.934534e+01
3.518027e+02 0.000000e+00 3.200638e+02 3.173886e+01
2.750969e+02 0.000000e+00 3.200638e+02 -4.496689e+01
8.307866e+01 0.000000e+00 7.906155e+01 4.017113e+00
7.465149e+01 0.000000e+00 7.906155e+01 -4.410057e+00
3.338075e+02 0.000000e+00 2.783590e+02 5.544849e+01
2.276650e+02 0.000000e+00 2.783590e+02 -5.069402e+01
2.035750e+02 0.000000e+00 2.228165e+02 -1.924149e+01
2.440103e+02 0.000000e+00 2.228165e+02 2.119379e+01
2.798081e+02 0.000000e+00 3.163292e+02 -3.652106e+01
3.531556e+02 0.000000e+00 3.163292e+02 3.682642e+01
1.383078e+02 0.000000e+00 1.890212e+02 -5.071341e+01
2.272649e+02 0.000000e+00 1.890212e+02 3.824371e+01
3.342526e+02 0.000000e+00 2.322969e+02 1.019557e+02
1.319011e+02 0.000000e+00 2.322969e+02 -1.003958e+02
1.483296e+02 0.000000e+00 2.215443e+02 -7.321471e+01
3.000587e+02 0.000000e+00 2.215443e+02 7.851434e+01
3.354816e+02 0.000000e+00 2.528745e+02 8.260706e+01
1.506791e+02 0.000000e+00 2.528745e+02 -1.021954e+02
1.655684e+02 0.000000e+00 1.394933e+02 2.607516e+01
1.055731e+02 0.000000e+00 1.394933e+02 -3.392020e+01
3.384227e+02 0.000000e+00 4.005823e+02 -6.215961e+01
4.599154e+02 0.000000e+00 4.005823e+02 5.933307e+01
7.525810e+01 0.000000e+00 6.131454e+01 1.394357e+01
4.677294e+01 0.000000e+00 6.131454e+01 -1.454160e+01
3.529388e+01 0.000000e+00 6.922666e+01 -3.393278e+01
1.046777e+02 0.000000e+00 6.922666e+01 3.545105e+01
2.716921e+02 0.000000e+00 2.450530e+02 2.663913e+01
2.122642e+02 0.000000e+00 2.450530e+02 -3.278879e+01
3.571828e+02 0.000000e+00 3.235929e+02 3.358990e+01
3.041627e+02 0.000000e+00 3.235929e+02 -1.943015e+01
-6.192579e+00 0.000000e+00 1.528513e+01 -2.147771e+01
3.690285e+01 0.000000e+00 1.528513e+01 2.161772e+01
1.597678e+02 0.000000e+00 1.558620e+02 3.905746e+00
1.514206e+02 0.000000e+00 1.558620e+02 -4.441467e+00
3.868498e+02 0.000000e+00 1.698130e+02 2.170368e+02
1.860917e+01 0.000000e+00 1.698130e+02 -1.512038e+02
5.991725e+02 6.184840e+02 6.184840e+02 5.991725e+02
6.372795e+02 6.184840e+02 6.184840e+02 6.372795e+02
1.104760e+02 0.000000e+00 1.455397e+02 -3.506370e+01
1.795077e+02 0.000000e+00 1.455397e+02 3.396800e+01
2.109185e+02 0.000000e+00 1.106329e+02 1.002856e+02
-4.895401e-01 0.000000e+00 1.106329e+02 -1.111225e+02
1.823743e+02 0.000000e+00 1.309613e+02 5.141299e+01
7.176785e+01 0.000000e+00 1.309613e+02 -5.919343e+01
