1.287242e+02 0.000000e+00 1.050374e+02 2.368680e+01
8.130742e+01 0.000000e+00 1.050374e+02 -2.372995e+01
2.609879e+02 0.000000e+00 1.803962e+02 8.059161e+01
1.072115e+02 0.000000e+00 1.803962e+02 -7.318470e+01
3.075864e+02 2.937810e+02 2.937810e+02 3.075864e+02
2.806565e+02 2.937810e+02 2.937810e+02 2.806565e+02
2.879741e+02 0.000000e+00 2.356475e+02 5.232661e+01
1.684039e+02 0.000000e+00 2.356475e+02 -6.724363e+01
2.068624e+02 0.000000e+00 1.775577e+02 2.930466e+01
1.406510e+02 0.000000e+00 1.775577e+02 -3.690671e+01
1.410684e+02 0.000000e+00 1.477456e+02 -6.677186e+00
1.533481e+02 0.000000e+00 1.477456e+02 5.602471e+00
1.573995e+02 0.000000e+00 1.640434e+02 -6.643897e+00
1.703290e+02 0.000000e+00 1.640434e+02 6.285539e+00
1.661394e+02 0.000000e+00 1.761027e+02 -9.963260e+00
2.018359e+02 0.000000e+00 1.761027e+02 2.573324e+01
1.858436e+02 0.000000e+00 1.792501e+02 6.593520e+00
1.724802e+02 0.000000e+00 1.792501e+02 -6.769888e+00
8.418709e+01 0.000000e+00 1.113812e+02 -2.719414e+01
1.318698e+02 0.000000e+00 1.113812e+02 2.048853e+01
1.672822e+02 0.000000e+00 1.475348e+02 1.974741e+01
1.304904e+02 0.000000e+00 1.475348e+02 -1.704444e+01
2.650036e+02 0.000000e+00 2.480694e+02 1.693418e+01
2.283566e+02 0.000000e+00 2.480694e+02 -1.971289e+01
1.644425e+02 0.000000e+00 1.671545e+02 -2.712000e+00
1.696136e+02 0.000000e+00 1.671545e+02 2.459101e+00
2.017663e+02 0.000000e+00 2.037876e+02 -2.021310e+00
2.037771e+02 0.000000e+00 2.037876e+02 -1.046141e-02
3.254103e+02 0.000000e+00 3.116116e+02 1.379870e+01
3.009304e+02 0.000000e+00 3.116116e+02 -1.068128e+01
1.599507e+02 0.000000e+00 1.368831e+02 2.306763e+01
1.128218e+02 0.000000e+00 1.368831e+02 -2.406134e+01
2.218866e+02 0.000000e+00 1.756199e+02 4.626674e+01
1.376056e+02 0.000000e+00 1.756199e+02 -3.801426e+01
1.075906e+02 0.000000e+00 6.554723e+01 4.204335e+01
2.063554e+01 0.000000e+00 6.554723e+01 -4.491169e+01
2.592423e+02 0.000000e+00 2.009360e+02 5.830633e+01
1.727444e+02 0.000000e+00 2.009360e+02 -2.819161e+01
8.774010e+01 0.000000e+00 1.018923e+02 -1.415217e+01
1.155124e+02 0.000000e+00 1.018923e+02 1.362017e+01
2.769334e+02 0.000000e+00 2.684424e+02 8.490976e+00
2.599753e+02 0.000000e+00 2.684424e+02 -8.467074e+00
1.872165e+02 0.000000e+00 1.395324e+02 4.768409e+01
1.030296e+02 0.000000e+00 1.395324e+02 -3.650278e+01
1.743718e+02 0.000000e+00 1.679773e+02 6.394469e+00
1.623588e+02 0.000000e+00 1.679773e+02 -5.618516e+00
1.407545e+02 0.000000e+00 1.335756e+02 7.178979e+00
1.272745e+02 0.000000e+00 1.335756e+02 -6.301081e+00
9.412183e+01 0.000000e+00 1.092416e+02 -1.511975e+01
1.283344e+02 0.000000e+00 1.092416e+02 1.909279e+01
1.491474e+02 0.000000e+00 1.328852e+02 1.626223e+01
1.205821e+02 0.000000e+00 1.328852e+02 -1.230309e+01
