-1.628037e+01 0.000000e+00 -4.853628e+01 3.225591e+01
-9.606323e+01 0.000000e+00 -4.853628e+01 -4.752695e+01
1.336174e+02 0.000000e+00 1.150925e+02 1.852493e+01
9.974469e+01 0.000000e+00 1.150925e+02 -1.534777e+01
2.931510e+02 0.000000e+00 2.561626e+02 3.698840e+01
2.243801e+02 0.000000e+00 2.561626e+02 -3.178246e+01
2.342485e+02 0.000000e+00 2.269191e+02 7.329483e+00
2.165912e+02 0.000000e+00 2.269191e+02 -1.032790e+01
3.253003e+02 0.000000e+00 2.907065e+02 3.459384e+01
2.540990e+02 0.000000e+00 2.907065e+02 -3.660751e+01
2.375788e+02 0.000000e+00 1.964944e+02 4.108440e+01
1.627118e+02 0.000000e+00 1.964944e+02 -3.378265e+01
1.118429e+02 0.000000e+00 1.729612e+02 -6.111829e+01
2.449147e+02 0.000000e+00 1.729612e+02 7.195345e+01
1.997642e+02 0.000000e+00 1.423492e+02 5.741505e+01
9.416254e+01 0.000000e+00 1.423492e+02 -4.818663e+01
4.484431e+02 0.000000e+00 4.071803e+02 4.126276e+01
3.790910e+02 0.000000e+00 4.071803e+02 -2.808926e+01
1.333417e+02 0.000000e+00 1.560813e+02 -2.273962e+01
1.753594e+02 0.000000e+00 1.560813e+02 1.927811e+01
1.929653e+02 0.000000e+00 1.756228e+02 1.734251e+01
1.605046e+02 0.000000e+00 1.756228e+02 -1.511824e+01
1.319193e+02 0.000000e+00 1.868313e+02 -5.491200e+01
2.790632e+02 0.000000e+00 1.868313e+02 9.223183e+01
6.397675e+01 0.000000e+00 1.217885e+02 -5.781177e+01
1.822010e+02 0.000000e+00 1.217885e+02 6.041251e+01
2.364756e+02 0.000000e+00 2.542472e+02 -1.777158e+01
2.728629e+02 0.000000e+00 2.542472e+02 1.861566e+01
2.355745e+02 0.000000e+00 2.502049e+02 -1.463042e+01
2.670748e+02 0.000000e+00 2.502049e+02 1.686990e+01
1.177973e+02 0.000000e+00 8.756255e+01 3.023477e+01
5.120608e+01 0.000000e+00 8.756255e+01 -3.635647e+01
2.476356e+02 0.000000e+00 2.251938e+02 2.244173e+01
2.053833e+02 0.000000e+00 2.251938e+02 -1.981056e+01
2.709558e+02 0.000000e+00 2.019005e+02 6.905530e+01
1.223051e+02 0.000000e+00 2.019005e+02 -7.959544e+01
2.214763e+02 0.000000e+00 1.979568e+02 2.351952e+01
1.858569e+02 0.000000e+00 1.979568e+02 -1.209987e+01
7.532158e+00 0.000000e+00 3.724678e+01 -2.971463e+01
7.511790e+01 0.000000e+00 3.724678e+01 3.787111e+01
1.422796e+02 0.000000e+00 1.770874e+02 -3.480789e+01
2.081723e+02 0.000000e+00 1.770874e+02 3.108484e+01
2.801483e+02 0.000000e+00 2.142536e+02 6.589465e+01
1.638302e+02 0.000000e+00 2.142536e+02 -5.042340e+01
2.011539e+02 0.000000e+00 1.629554e+02 3.819846e+01
1.312407e+02 0.000000e+00 1.629554e+02 -3.171472e+01
7.666893e+01 0.000000e+00 5.126710e+01 2.540183e+01
3.093733e+01 0.000000e+00 5.126710e+01 -2.032977e+01
-4.411545e+00 0.000000e+00 -9.272623e-02 -4.318819e+00
4.701504e+00 0.000000e+00 -9.272623e-02 4.794230e+00
5.683514e+02 5.192158e+02 5.192158e+02 5.683514e+02
4.539053e+02 5.192158e+02 5.192158e+02 4.539053e+02
