2.091560e+01 0.000000e+00 -2.372958e+01 4.464518e+01
-6.251844e+01 0.000000e+00 -2.372958e+01 -3.878886e+01
1.977597e+02 0.000000e+00 1.478180e+02 4.994173e+01
1.080916e+02 0.000000e+00 1.478180e+02 -3.972639e+01
7.365745e+01 0.000000e+00 7.438861e+01 -7.311630e-01
7.522261e+01 0.000000e+00 7.438861e+01 8.339996e-01
3.495857e+02 0.000000e+00 3.346082e+02 1.497751e+01
3.197424e+02 0.000000e+00 3.346082e+02 -1.486578e+01
1.430546e+02 0.000000e+00 1.301557e+02 1.289894e+01
1.174063e+02 0.000000e+00 1.301557e+02 -1.274940e+01
1.609390e+02 0.000000e+00 2.482692e+02 -8.733022e+01
3.233678e+02 0.000000e+00 2.482692e+02 7.509856e+01
2.326536e+02 0.000000e+00 2.148004e+02 1.785321e+01
1.992442e+02 0.000000e+00 2.148004e+02 -1.555615e+01
9.038551e+01 0.000000e+00 1.745304e+02 -8.414491e+01
2.550955e+02 0.000000e+00 1.745304e+02 8.056509e+01
3.867964e+02 0.000000e+00 3.341469e+02 5.264951e+01
2.508168e+02 0.000000e+00 3.341469e+02 -8.333015e+01
1.122834e+02 0.000000e+00 1.501439e+02 -3.786047e+01
1.792569e+02 0.000000e+00 1.501439e+02 2.911308e+01
1.718302e+02 0.000000e+00 1.986538e+02 -2.682367e+01
2.115847e+02 0.000000e+00 1.986538e+02 1.293091e+01
3.534149e+02 0.000000e+00 3.805752e+02 -2.716025e+01
4.302345e+02 0.000000e+00 3.805752e+02 4.965927e+01
5.508454e+02 7.022217e+02 7.022217e+02 5.508454e+02
8.641829e+02 7.022217e+02 7.022217e+02 8.641829e+02
1.317699e+02 0.000000e+00 1.025465e+02 2.922342e+01
6.993214e+01 0.000000e+00 1.025465e+02 -3.261436e+01
5.075924e+02 0.000000e+00 4.461146e+02 6.147778e+01
3.849951e+02 0.000000e+00 4.461146e+02 -6.111954e+01
1.576732e+02 0.000000e+00 1.121541e+02 4.551910e+01
6.881317e+01 0.000000e+00 1.121541e+02 -4.334093e+01
1.209026e+02 0.000000e+00 2.078519e+02 -8.694930e+01
2.830149e+02 0.000000e+00 2.078519e+02 7.516302e+01
2.546612e+02 0.000000e+00 1.334129e+02 1.212483e+02
1.925648e+01 0.000000e+00 1.334129e+02 -1.141564e+02
4.100877e+02 0.000000e+00 1.981131e+02 2.119746e+02
1.559599e+02 0.000000e+00 1.981131e+02 -4.215321e+01
1.794907e+02 0.000000e+00 1.892155e+02 -9.724869e+00
1.984892e+02 0.000000e+00 1.892155e+02 9.273682e+00
7.535763e+02 0.000000e+00 6.994084e+02 5.416785e+01
6.578044e+02 0.000000e+00 6.994084e+02 -4.160400e+01
1.746780e+02 0.000000e+00 1.132257e+02 6.145237e+01
6.030820e+01 0.000000e+00 1.132257e+02 -5.291747e+01
1.144209e+02 0.000000e+00 1.173127e+02 -2.891830e+00
1.205833e+02 0.000000e+00 1.173127e+02 3.270592e+00
1.540675e+02 0.000000e+00 1.475150e+02 6.552444e+00
1.393119e+02 0.000000e+00 1.475150e+02 -8.203110e+00
1.397804e+02 0.000000e+00 1.337713e+02 6.009064e+00
1.223156e+02 0.000000e+00 1.337713e+02 -1.145571e+01
7.342477e+01 0.000000e+00 1.050014e+02 -3.157658e+01
1.371013e+02 0.000000e+00 1.050014e+02 3.209994e+01
