1.169790e+02 0.000000e+00 1.003606e+02 1.661833e+01
8.160346e+01 0.000000e+00 1.003606e+02 -1.875719e+01
2.187654e+02 0.000000e+00 1.538137e+02 6.495170e+01
9.138127e+01 0.000000e+00 1.538137e+02 -6.243244e+01
8.749419e+01 0.000000e+00 8.708576e+01 4.084304e-01
8.670426e+01 0.000000e+00 8.708576e+01 -3.814928e-01
2.766553e+02 0.000000e+00 2.071984e+02 6.945689e+01
1.185357e+02 0.000000e+00 2.071984e+02 -8.866273e+01
2.633813e+02 0.000000e+00 2.119308e+02 5.145043e+01
1.509385e+02 0.000000e+00 2.119308e+02 -6.099233e+01
1.917480e+02 0.000000e+00 1.750287e+02 1.671930e+01
1.596780e+02 0.000000e+00 1.750287e+02 -1.535069e+01
1.433510e+02 0.000000e+00 1.603331e+02 -1.698201e+01
1.778878e+02 0.000000e+00 1.603331e+02 1.755477e+01
1.525476e+02 0.000000e+00 1.545932e+02 -2.045606e+00
1.664864e+02 0.000000e+00 1.545932e+02 1.189317e+01
1.607384e+02 0.000000e+00 1.576900e+02 3.048364e+00
1.551843e+02 0.000000e+00 1.576900e+02 -2.505692e+00
1.269744e+02 0.000000e+00 1.367688e+02 -9.794386e+00
1.461067e+02 0.000000e+00 1.367688e+02 9.337917e+00
1.509558e+02 0.000000e+00 1.352859e+02 1.566992e+01
1.216599e+02 0.000000e+00 1.352859e+02 -1.362596e+01
3.082240e+02 0.000000e+00 2.713804e+02 3.684352e+01
2.339038e+02 0.000000e+00 2.713804e+02 -3.747666e+01
1.537781e+02 0.000000e+00 1.475810e+02 6.197111e+00
1.408432e+02 0.000000e+00 1.475810e+02 -6.737863e+00
1.280364e+02 0.000000e+00 1.437146e+02 -1.567820e+01
1.607526e+02 0.000000e+00 1.437146e+02 1.703793e+01
2.987178e+02 0.000000e+00 3.058290e+02 -7.111249e+00
3.168686e+02 0.000000e+00 3.058290e+02 1.103955e+01
1.201058e+02 0.000000e+00 1.060899e+02 1.401584e+01
9.271247e+01 0.000000e+00 1.060899e+02 -1.337744e+01
2.104258e+02 0.000000e+00 1.924505e+02 1.797523e+01
1.796204e+02 0.000000e+00 1.924505e+02 -1.283011e+01
3.646249e+02 2.788843e+02 2.788843e+02 3.646249e+02
1.763169e+02 2.788843e+02 2.788843e+02 1.763169e+02
1.833935e+02 0.000000e+00 1.783561e+02 5.037449e+00
1.642262e+02 0.000000e+00 1.783561e+02 -1.412984e+01
7.746918e+01 0.000000e+00 9.441884e+01 -1.694966e+01
1.141431e+02 0.000000e+00 9.441884e+01 1.972422e+01
1.998609e+02 0.000000e+00 1.802958e+02 1.956511e+01
1.629015e+02 0.000000e+00 1.802958e+02 -1.739428e+01
2.356601e+02 0.000000e+00 1.685702e+02 6.708985e+01
1.130625e+02 0.000000e+00 1.685702e+02 -5.550775e+01
1.711846e+02 0.000000e+00 1.738574e+02 -2.672820e+00
1.785241e+02 0.000000e+00 1.738574e+02 4.666673e+00
1.454953e+02 0.000000e+00 1.369057e+02 8.589587e+00
1.266592e+02 0.000000e+00 1.369057e+02 -1.024648e+01
7.271195e+01 0.000000e+00 9.489834e+01 -2.218638e+01
1.244330e+02 0.000000e+00 9.489834e+01 2.953471e+01
1.377585e+02 0.000000e+00 1.283567e+02 9.401748e+00
1.208297e+02 0.000000e+00 1.283567e+02 -7.527049e+00
