2.587696e+02 0.000000e+00 2.283185e+02 3.045110e+01
2.028321e+02 0.000000e+00 2.283185e+02 -2.548643e+01
1.821258e+02 0.000000e+00 1.335042e+02 4.862160e+01
9.416574e+01 0.000000e+00 1.335042e+02 -3.933847e+01
1.263628e+02 0.000000e+00 1.106089e+02 1.575396e+01
9.518768e+01 0.000000e+00 1.106089e+02 -1.542119e+01
2.552889e+02 0.000000e+00 1.930850e+02 6.220387e+01
8.897452e+01 0.000000e+00 1.930850e+02 -1.041105e+02
5.675062e+02 0.000000e+00 5.454797e+02 2.202643e+01
5.216295e+02 0.000000e+00 5.454797e+02 -2.385028e+01
2.248568e+02 0.000000e+00 1.834304e+02 4.142636e+01
1.400247e+02 0.000000e+00 1.834304e+02 -4.340570e+01
1.980077e+02 0.000000e+00 1.846464e+02 1.336133e+01
1.694288e+02 0.000000e+00 1.846464e+02 -1.521756e+01
2.304868e+02 0.000000e+00 2.231602e+02 7.326660e+00
2.179755e+02 0.000000e+00 2.231602e+02 -5.184692e+00
1.924229e+02 0.000000e+00 2.096631e+02 -1.724019e+01
2.259452e+02 0.000000e+00 2.096631e+02 1.628217e+01
9.765414e+01 0.000000e+00 1.780828e+02 -8.042870e+01
2.309478e+02 0.000000e+00 1.780828e+02 5.286496e+01
3.525542e+02 0.000000e+00 2.549034e+02 9.765079e+01
1.705552e+02 0.000000e+00 2.549034e+02 -8.434828e+01
3.139827e+02 0.000000e+00 3.025268e+02 1.145587e+01
2.850746e+02 0.000000e+00 3.025268e+02 -1.745218e+01
3.746759e+02 0.000000e+00 3.069483e+02 6.772763e+01
2.330914e+02 0.000000e+00 3.069483e+02 -7.385683e+01
1.216651e+02 0.000000e+00 1.759657e+02 -5.430054e+01
2.315300e+02 0.000000e+00 1.759657e+02 5.556435e+01
5.117953e+02 0.000000e+00 4.999531e+02 1.184216e+01
4.848729e+02 0.000000e+00 4.999531e+02 -1.508026e+01
5.140076e+02 0.000000e+00 4.606793e+02 5.332831e+01
4.097997e+02 0.000000e+00 4.606793e+02 -5.087958e+01
3.992854e+02 0.000000e+00 3.645212e+02 3.476413e+01
3.253169e+02 0.000000e+00 3.645212e+02 -3.920438e+01
4.596710e+02 4.498969e+02 4.498969e+02 4.596710e+02
4.393279e+02 4.498969e+02 4.498969e+02 4.393279e+02
5.237677e+02 0.000000e+00 4.539749e+02 6.979279e+01
4.190870e+02 0.000000e+00 4.539749e+02 -3.488788e+01
7.547639e+01 0.000000e+00 1.061562e+02 -3.067981e+01
1.339676e+02 0.000000e+00 1.061562e+02 2.781137e+01
1.210205e+02 0.000000e+00 1.432476e+02 -2.222707e+01
1.604973e+02 0.000000e+00 1.432476e+02 1.724973e+01
2.661214e+02 0.000000e+00 2.274836e+02 3.863783e+01
1.941338e+02 0.000000e+00 2.274836e+02 -3.334981e+01
1.781051e+02 0.000000e+00 1.806069e+02 -2.501816e+00
1.838880e+02 0.000000e+00 1.806069e+02 3.281158e+00
1.947669e+02 0.000000e+00 1.976262e+02 -2.859299e+00
2.003122e+02 0.000000e+00 1.976262e+02 2.686066e+00
3.157817e+02 0.000000e+00 3.129540e+02 2.827667e+00
3.103599e+02 0.000000e+00 3.129540e+02 -2.594147e+00
1.737958e+02 0.000000e+00 1.459845e+02 2.781133e+01
1.202256e+02 0.000000e+00 1.459845e+02 -2.575883e+01
