8.475737e+01 0.000000e+00 1.067003e+02 -2.194294e+01
1.273441e+02 0.000000e+00 1.067003e+02 2.064381e+01
2.202646e+02 0.000000e+00 2.139769e+02 6.287689e+00
2.093956e+02 0.000000e+00 2.139769e+02 -4.581329e+00
9.415066e+01 0.000000e+00 8.526665e+01 8.884010e+00
7.613697e+01 0.000000e+00 8.526665e+01 -9.129677e+00
1.266373e+02 0.000000e+00 9.373910e+01 3.289816e+01
4.341763e+01 0.000000e+00 9.373910e+01 -5.032147e+01
2.922377e+02 0.000000e+00 2.080538e+02 8.418391e+01
1.124391e+02 0.000000e+00 2.080538e+02 -9.561469e+01
4.241833e+02 0.000000e+00 3.885536e+02 3.562979e+01
3.429886e+02 0.000000e+00 3.885536e+02 -4.556491e+01
4.551708e+02 4.705062e+02 4.705062e+02 4.551708e+02
4.923712e+02 4.705062e+02 4.705062e+02 4.923712e+02
8.268781e+01 0.000000e+00 4.609427e+01 3.659354e+01
1.076659e+00 0.000000e+00 4.609427e+01 -4.501761e+01
6.939795e+01 0.000000e+00 7.343914e+01 -4.041191e+00
7.772703e+01 0.000000e+00 7.343914e+01 4.287888e+00
-3.579528e+01 0.000000e+00 8.062242e+01 -1.164177e+02
1.716491e+02 0.000000e+00 8.062242e+01 9.102669e+01
1.662500e+02 0.000000e+00 1.737147e+02 -7.464706e+00
1.804341e+02 0.000000e+00 1.737147e+02 6.719467e+00
3.246349e+02 0.000000e+00 2.486861e+02 7.594884e+01
1.782258e+02 0.000000e+00 2.486861e+02 -7.046033e+01
1.475064e+01 0.000000e+00 -3.503661e+01 4.978726e+01
-8.708330e+01 0.000000e+00 -3.503661e+01 -5.204668e+01
1.803871e+02 0.000000e+00 2.087701e+02 -2.838304e+01
2.515434e+02 0.000000e+00 2.087701e+02 4.277322e+01
1.270095e+02 0.000000e+00 9.698733e+01 3.002219e+01
7.359771e+01 0.000000e+00 9.698733e+01 -2.338962e+01
3.343075e+02 0.000000e+00 3.045562e+02 2.975131e+01
2.784653e+02 0.000000e+00 3.045562e+02 -2.609091e+01
2.321255e+02 0.000000e+00 2.048836e+02 2.724194e+01
1.799835e+02 0.000000e+00 2.048836e+02 -2.490009e+01
-2.001415e+02 0.000000e+00 -1.396082e+02 -6.053331e+01
-8.575447e+01 0.000000e+00 -1.396082e+02 5.385371e+01
3.764967e+02 0.000000e+00 2.570262e+02 1.194704e+02
2.012259e+02 0.000000e+00 2.570262e+02 -5.580034e+01
1.477581e+02 0.000000e+00 1.966744e+02 -4.891638e+01
2.474190e+02 0.000000e+00 1.966744e+02 5.074458e+01
2.877306e+02 0.000000e+00 3.346749e+02 -4.694434e+01
3.707801e+02 0.000000e+00 3.346749e+02 3.610516e+01
1.763766e+02 0.000000e+00 1.746614e+01 1.589105e+02
-8.704466e+01 0.000000e+00 1.746614e+01 -1.045108e+02
2.106419e+01 0.000000e+00 5.549523e+01 -3.443104e+01
9.184196e+01 0.000000e+00 5.549523e+01 3.634674e+01
1.568188e+02 0.000000e+00 2.475707e+02 -9.075183e+01
3.208559e+02 0.000000e+00 2.475707e+02 7.328523e+01
1.041591e+02 0.000000e+00 1.113532e+02 -7.194138e+00
1.210353e+02 0.000000e+00 1.113532e+02 9.682068e+00
7.219545e+01 0.000000e+00 6.608107e+01 6.114380e+00
6.014543e+01 0.000000e+00 6.608107e+01 -5.935638e+00
