-1.094522e+02 0.000000e+00 -2.949206e+01 -7.996012e+01
3.761863e+01 0.000000e+00 -2.949206e+01 6.711068e+01
3.459054e+02 0.000000e+00 2.200136e+02 1.258917e+02
1.106397e+02 0.000000e+00 2.200136e+02 -1.093739e+02
4.989417e+01 0.000000e+00 9.336777e+01 -4.347361e+01
1.302719e+02 0.000000e+00 9.336777e+01 3.690411e+01
1.251288e+02 0.000000e+00 3.768247e+01 8.744634e+01
-6.214709e+01 0.000000e+00 3.768247e+01 -9.982957e+01
1.294942e+02 0.000000e+00 8.154897e+01 4.794526e+01
2.665198e+01 0.000000e+00 8.154897e+01 -5.489700e+01
1.897168e+02 0.000000e+00 1.367193e+02 5.299750e+01
9.470132e+01 0.000000e+00 1.367193e+02 -4.201794e+01
6.887080e+01 0.000000e+00 1.240125e+02 -5.514173e+01
1.890233e+02 0.000000e+00 1.240125e+02 6.501073e+01
-3.863781e+00 0.000000e+00 3.266730e+01 -3.653108e+01
8.183868e+01 0.000000e+00 3.266730e+01 4.917138e+01
2.261561e+02 0.000000e+00 1.732457e+02 5.291046e+01
1.237944e+02 0.000000e+00 1.732457e+02 -4.945126e+01
9.921296e+01 0.000000e+00 1.346245e+02 -3.541158e+01
1.670438e+02 0.000000e+00 1.346245e+02 3.241928e+01
1.182979e+02 0.000000e+00 1.459005e+02 -2.760265e+01
1.761823e+02 0.000000e+00 1.459005e+02 3.028175e+01
7.781370e+02 7.587436e+02 7.587436e+02 7.781370e+02
7.208325e+02 7.587436e+02 7.587436e+02 7.208325e+02
8.856133e+01 0.000000e+00 1.097310e+02 -2.116970e+01
1.274832e+02 0.000000e+00 1.097310e+02 1.775212e+01
2.085147e+02 0.000000e+00 2.129563e+02 -4.441650e+00
2.174531e+02 0.000000e+00 2.129563e+02 4.496750e+00
1.709915e+02 0.000000e+00 1.635882e+02 7.403320e+00
1.559005e+02 0.000000e+00 1.635882e+02 -7.687668e+00
-5.094728e+00 0.000000e+00 -1.969697e+01 1.460224e+01
-3.111701e+01 0.000000e+00 -1.969697e+01 -1.142004e+01
7.615032e+01 0.000000e+00 -2.382542e+01 9.997574e+01
-6.962582e+01 0.000000e+00 -2.382542e+01 -4.580040e+01
1.509700e+02 0.000000e+00 1.009720e+02 4.999803e+01
5.536568e+01 0.000000e+00 1.009720e+02 -4.560628e+01
1.280407e+02 0.000000e+00 4.902512e+01 7.901562e+01
8.346455e-01 0.000000e+00 4.902512e+01 -4.819047e+01
-2.355669e+02 0.000000e+00 -9.034769e+01 -1.452193e+02
1.064311e+02 0.000000e+00 -9.034769e+01 1.967788e+02
-8.033941e+00 0.000000e+00 3.586345e+01 -4.389739e+01
8.315009e+01 0.000000e+00 3.586345e+01 4.728664e+01
1.202175e+02 0.000000e+00 6.341745e+01 5.680008e+01
2.159729e+01 0.000000e+00 6.341745e+01 -4.182016e+01
1.532663e+02 0.000000e+00 2.038526e+02 -5.058626e+01
2.559926e+02 0.000000e+00 2.038526e+02 5.214006e+01
3.175598e+02 0.000000e+00 2.700430e+02 4.751682e+01
2.264775e+02 0.000000e+00 2.700430e+02 -4.356549e+01
-1.900621e+01 0.000000e+00 -1.625577e+01 -2.750437e+00
-1.338637e+01 0.000000e+00 -1.625577e+01 2.869402e+00
8.002252e+01 0.000000e+00 6.796887e+01 1.205365e+01
5.635388e+01 0.000000e+00 6.796887e+01 -1.161499e+01
