1.519903e+02 0.000000e+00 1.355503e+02 1.644000e+01
1.199928e+02 0.000000e+00 1.355503e+02 -1.555757e+01
2.257569e+02 0.000000e+00 1.594757e+02 6.628120e+01
1.061997e+02 0.000000e+00 1.594757e+02 -5.327606e+01
1.365767e+02 0.000000e+00 1.230538e+02 1.352291e+01
1.118525e+02 0.000000e+00 1.230538e+02 -1.120131e+01
3.065711e+02 0.000000e+00 2.359420e+02 7.062906e+01
1.395017e+02 0.000000e+00 2.359420e+02 -9.644026e+01
2.231092e+02 0.000000e+00 2.072693e+02 1.583993e+01
1.873053e+02 0.000000e+00 2.072693e+02 -1.996394e+01
1.714184e+02 0.000000e+00 1.747024e+02 -3.284055e+00
1.783755e+02 0.000000e+00 1.747024e+02 3.673129e+00
1.635885e+02 0.000000e+00 1.722958e+02 -8.707319e+00
1.812452e+02 0.000000e+00 1.722958e+02 8.949452e+00
1.554895e+02 0.000000e+00 1.818113e+02 -2.632187e+01
2.191516e+02 0.000000e+00 1.818113e+02 3.734028e+01
1.755092e+02 0.000000e+00 1.774613e+02 -1.952052e+00
1.783501e+02 0.000000e+00 1.774613e+02 8.887778e-01
1.026830e+02 0.000000e+00 1.401163e+02 -3.743328e+01
1.684490e+02 0.000000e+00 1.401163e+02 2.833267e+01
1.572656e+02 0.000000e+00 1.364168e+02 2.084876e+01
1.198330e+02 0.000000e+00 1.364168e+02 -1.658389e+01
2.549067e+02 0.000000e+00 2.372029e+02 1.770376e+01
2.125009e+02 0.000000e+00 2.372029e+02 -2.470198e+01
1.897361e+02 0.000000e+00 2.152103e+02 -2.547416e+01
2.408056e+02 0.000000e+00 2.152103e+02 2.559531e+01
1.589439e+02 0.000000e+00 1.651994e+02 -6.255447e+00
1.722052e+02 0.000000e+00 1.651994e+02 7.005818e+00
4.337552e+02 0.000000e+00 4.269396e+02 6.815547e+00
4.222578e+02 0.000000e+00 4.269396e+02 -4.681864e+00
2.245078e+02 0.000000e+00 2.034861e+02 2.102169e+01
1.822225e+02 0.000000e+00 2.034861e+02 -2.126354e+01
2.458793e+02 0.000000e+00 2.273712e+02 1.850807e+01
2.082644e+02 0.000000e+00 2.273712e+02 -1.910677e+01
2.074514e+02 0.000000e+00 1.482716e+02 5.917980e+01
8.140471e+01 0.000000e+00 1.482716e+02 -6.686691e+01
3.451536e+02 0.000000e+00 2.451879e+02 9.996571e+01
2.041425e+02 0.000000e+00 2.451879e+02 -4.104542e+01
1.019493e+02 0.000000e+00 1.086225e+02 -6.673164e+00
1.158423e+02 0.000000e+00 1.086225e+02 7.219776e+00
2.716978e+02 0.000000e+00 2.744175e+02 -2.719707e+00
2.808055e+02 0.000000e+00 2.744175e+02 6.388024e+00
2.007929e+02 0.000000e+00 1.682485e+02 3.254448e+01
1.401951e+02 0.000000e+00 1.682485e+02 -2.805336e+01
1.663217e+02 0.000000e+00 1.637654e+02 2.556371e+00
1.605628e+02 0.000000e+00 1.637654e+02 -3.202553e+00
1.336233e+02 0.000000e+00 1.292367e+02 4.386624e+00
1.240456e+02 0.000000e+00 1.292367e+02 -5.191046e+00
2.565877e+02 2.637919e+02 2.637919e+02 2.565877e+02
2.723743e+02 2.637919e+02 2.637919e+02 2.723743e+02
9.648387e+01 0.000000e+00 1.132035e+02 -1.671958e+01
1.336711e+02 0.000000e+00 1.132035e+02 2.046766e+01
