2.397466e+02 0.000000e+00 1.776712e+02 6.207533e+01
1.004589e+02 0.000000e+00 1.776712e+02 -7.721236e+01
2.939734e+02 0.000000e+00 1.577896e+02 1.361837e+02
5.137962e+01 0.000000e+00 1.577896e+02 -1.064100e+02
5.022011e+02 4.409736e+02 4.409736e+02 5.022011e+02
3.753588e+02 4.409736e+02 4.409736e+02 3.753588e+02
1.721622e+02 0.000000e+00 1.470271e+02 2.513516e+01
1.183741e+02 0.000000e+00 1.470271e+02 -2.865293e+01
2.472349e+02 0.000000e+00 2.393258e+02 7.909119e+00
2.301058e+02 0.000000e+00 2.393258e+02 -9.219955e+00
1.758448e+02 0.000000e+00 1.961529e+02 -2.030811e+01
2.114767e+02 0.000000e+00 1.961529e+02 1.532385e+01
1.892116e+02 0.000000e+00 1.975853e+02 -8.373688e+00
2.073515e+02 0.000000e+00 1.975853e+02 9.766235e+00
2.186218e+02 0.000000e+00 2.044447e+02 1.417711e+01
1.857836e+02 0.000000e+00 2.044447e+02 -1.866112e+01
3.261739e+02 0.000000e+00 2.796999e+02 4.647397e+01
2.231767e+02 0.000000e+00 2.796999e+02 -5.652316e+01
2.478770e+01 0.000000e+00 1.188747e+02 -9.408697e+01
1.847529e+02 0.000000e+00 1.188747e+02 6.587821e+01
3.328191e+02 0.000000e+00 2.409590e+02 9.186006e+01
1.623893e+02 0.000000e+00 2.409590e+02 -7.856975e+01
3.792787e+02 0.000000e+00 3.673928e+02 1.188593e+01
3.593638e+02 0.000000e+00 3.673928e+02 -8.028992e+00
4.623233e+02 0.000000e+00 5.277488e+02 -6.542554e+01
5.955576e+02 0.000000e+00 5.277488e+02 6.780878e+01
5.589721e+02 0.000000e+00 4.557623e+02 1.032098e+02
3.248134e+02 0.000000e+00 4.557623e+02 -1.309489e+02
4.595049e+02 0.000000e+00 4.175039e+02 4.200098e+01
3.712466e+02 0.000000e+00 4.175039e+02 -4.625723e+01
9.341803e+01 0.000000e+00 5.023413e+01 4.318390e+01
4.681198e+00 0.000000e+00 5.023413e+01 -4.555293e+01
3.308412e+02 0.000000e+00 2.277257e+02 1.031155e+02
1.354616e+02 0.000000e+00 2.277257e+02 -9.226410e+01
3.218410e+01 0.000000e+00 -5.957290e+01 9.175700e+01
-1.450158e+02 0.000000e+00 -5.957290e+01 -8.544289e+01
2.530380e+02 0.000000e+00 2.743750e+02 -2.133698e+01
2.891856e+02 0.000000e+00 2.743750e+02 1.481064e+01
1.588253e+02 0.000000e+00 1.979607e+02 -3.913538e+01
2.350042e+02 0.000000e+00 1.979607e+02 3.704358e+01
3.717139e+02 0.000000e+00 3.148674e+02 5.684650e+01
2.709038e+02 0.000000e+00 3.148674e+02 -4.396359e+01
2.699089e+02 0.000000e+00 1.659507e+02 1.039582e+02
8.289619e+01 0.000000e+00 1.659507e+02 -8.305455e+01
5.036144e+02 0.000000e+00 3.961910e+02 1.074234e+02
3.080395e+02 0.000000e+00 3.961910e+02 -8.815152e+01
1.891505e+02 0.000000e+00 1.983875e+02 -9.237061e+00
2.086555e+02 0.000000e+00 1.983875e+02 1.026796e+01
1.712435e+02 0.000000e+00 1.763283e+02 -5.084763e+00
1.836375e+02 0.000000e+00 1.763283e+02 7.309250e+00
1.273512e+02 0.000000e+00 1.356829e+02 -8.331711e+00
1.458630e+02 0.000000e+00 1.356829e+02 1.018007e+01
