1.025893e+02 0.000000e+00 1.054858e+02 -2.896509e+00
1.086370e+02 0.000000e+00 1.054858e+02 3.151219e+00
2.052265e+02 0.000000e+00 1.458149e+02 5.941152e+01
9.139033e+01 0.000000e+00 1.458149e+02 -5.442461e+01
2.872225e+01 0.000000e+00 4.000632e+01 -1.128408e+01
4.965840e+01 0.000000e+00 4.000632e+01 9.652079e+00
1.981288e+02 0.000000e+00 1.575745e+02 4.055428e+01
1.093956e+02 0.000000e+00 1.575745e+02 -4.817892e+01
1.789808e+02 0.000000e+00 1.529987e+02 2.598214e+01
1.192817e+02 0.000000e+00 1.529987e+02 -3.371694e+01
1.087724e+02 0.000000e+00 1.014967e+02 7.275744e+00
9.444839e+01 0.000000e+00 1.014967e+02 -7.048279e+00
1.242892e+02 0.000000e+00 1.420428e+02 -1.775363e+01
1.607328e+02 0.000000e+00 1.420428e+02 1.869000e+01
1.088297e+02 0.000000e+00 1.195225e+02 -1.069278e+01
1.469321e+02 0.000000e+00 1.195225e+02 2.740961e+01
1.179975e+02 0.000000e+00 1.225296e+02 -4.532096e+00
1.268521e+02 0.000000e+00 1.225296e+02 4.322415e+00
1.045892e+02 0.000000e+00 1.190996e+02 -1.451044e+01
1.313618e+02 0.000000e+00 1.190996e+02 1.226219e+01
1.071820e+02 0.000000e+00 9.546275e+01 1.171921e+01
8.585074e+01 0.000000e+00 9.546275e+01 -9.612003e+00
2.366042e+02 0.000000e+00 1.982284e+02 3.837574e+01
1.540665e+02 0.000000e+00 1.982284e+02 -4.416194e+01
1.225470e+02 0.000000e+00 1.166277e+02 5.919245e+00
1.105993e+02 0.000000e+00 1.166277e+02 -6.028434e+00
1.168956e+02 0.000000e+00 1.194713e+02 -2.575719e+00
1.219210e+02 0.000000e+00 1.194713e+02 2.449709e+00
2.665711e+02 0.000000e+00 2.641816e+02 2.389532e+00
2.637950e+02 0.000000e+00 2.641816e+02 -3.865912e-01
1.691886e+02 0.000000e+00 1.454710e+02 2.371759e+01
1.228575e+02 0.000000e+00 1.454710e+02 -2.261347e+01
2.090673e+02 0.000000e+00 1.734181e+02 3.564930e+01
1.466175e+02 0.000000e+00 1.734181e+02 -2.680059e+01
6.983971e+01 0.000000e+00 3.121051e+01 3.862920e+01
-1.283779e+01 0.000000e+00 3.121051e+01 -4.404830e+01
2.118895e+02 0.000000e+00 1.262751e+02 8.561437e+01
8.661231e+01 0.000000e+00 1.262751e+02 -3.966278e+01
2.900508e+02 2.834924e+02 2.834924e+02 2.900508e+02
2.766085e+02 2.834924e+02 2.834924e+02 2.766085e+02
2.464530e+02 0.000000e+00 2.205332e+02 2.591978e+01
1.979485e+02 0.000000e+00 2.205332e+02 -2.258474e+01
1.726473e+02 0.000000e+00 1.235446e+02 4.910261e+01
8.074676e+01 0.000000e+00 1.235446e+02 -4.279788e+01
1.157704e+02 0.000000e+00 1.288519e+02 -1.308152e+01
1.458419e+02 0.000000e+00 1.288519e+02 1.698999e+01
9.516577e+01 0.000000e+00 9.216713e+01 2.998639e+00
8.938079e+01 0.000000e+00 9.216713e+01 -2.786340e+00
4.897044e+01 0.000000e+00 4.087557e+01 8.094861e+00
2.918648e+01 0.000000e+00 4.087557e+01 -1.168910e+01
1.081434e+02 0.000000e+00 8.992484e+01 1.821856e+01
7.027502e+01 0.000000e+00 8.992484e+01 -1.964982e+01
