7.451891e+01 0.000000e+00 9.181444e+01 -1.729553e+01
1.090131e+02 0.000000e+00 9.181444e+01 1.719868e+01
1.843401e+02 0.000000e+00 1.625025e+02 2.183754e+01
1.466374e+02 0.000000e+00 1.625025e+02 -1.586514e+01
1.773031e+02 0.000000e+00 1.268864e+02 5.041676e+01
9.344673e+01 0.000000e+00 1.268864e+02 -3.343965e+01
2.222533e+02 0.000000e+00 1.604794e+02 6.177393e+01
9.355995e+01 0.000000e+00 1.604794e+02 -6.691945e+01
6.644868e+02 6.014711e+02 6.014711e+02 6.644868e+02
5.160776e+02 6.014711e+02 6.014711e+02 5.160776e+02
2.060376e+02 0.000000e+00 1.882878e+02 1.774976e+01
1.726340e+02 0.000000e+00 1.882878e+02 -1.565379e+01
9.117197e+01 0.000000e+00 1.704007e+02 -7.922868e+01
2.449865e+02 0.000000e+00 1.704007e+02 7.458583e+01
1.134661e+01 0.000000e+00 1.146845e+02 -1.033379e+02
2.204639e+02 0.000000e+00 1.146845e+02 1.057794e+02
3.260705e+01 0.000000e+00 5.752967e+01 -2.492262e+01
8.554730e+01 0.000000e+00 5.752967e+01 2.801763e+01
1.391992e+02 0.000000e+00 1.755729e+02 -3.637366e+01
2.057836e+02 0.000000e+00 1.755729e+02 3.021072e+01
5.751258e+01 0.000000e+00 3.678238e+01 2.073020e+01
1.367409e+01 0.000000e+00 3.678238e+01 -2.310828e+01
3.029723e+01 0.000000e+00 -8.200976e+00 3.849820e+01
-4.369505e+01 0.000000e+00 -8.200976e+00 -3.549407e+01
1.044645e+02 0.000000e+00 5.001172e+01 5.445281e+01
-3.876781e-01 0.000000e+00 5.001172e+01 -5.039940e+01
2.627329e+02 0.000000e+00 2.243941e+02 3.833882e+01
1.923431e+02 0.000000e+00 2.243941e+02 -3.205099e+01
5.817519e+02 0.000000e+00 5.922755e+02 -1.052362e+01
6.034406e+02 0.000000e+00 5.922755e+02 1.116510e+01
4.020260e+02 0.000000e+00 2.787169e+02 1.233092e+02
1.667695e+02 0.000000e+00 2.787169e+02 -1.119473e+02
1.924970e+02 0.000000e+00 1.689857e+02 2.351129e+01
1.453405e+02 0.000000e+00 1.689857e+02 -2.364519e+01
1.705919e+02 0.000000e+00 1.216632e+02 4.892867e+01
7.471962e+01 0.000000e+00 1.216632e+02 -4.694360e+01
4.315455e+02 0.000000e+00 3.440810e+02 8.746448e+01
2.748007e+02 0.000000e+00 3.440810e+02 -6.928030e+01
4.713912e+01 0.000000e+00 3.910151e+01 8.037617e+00
2.968894e+01 0.000000e+00 3.910151e+01 -9.412561e+00
1.895613e+02 0.000000e+00 1.993864e+02 -9.825089e+00
2.096812e+02 0.000000e+00 1.993864e+02 1.029486e+01
2.614577e+02 0.000000e+00 2.296550e+02 3.180269e+01
2.026456e+02 0.000000e+00 2.296550e+02 -2.700948e+01
4.580284e+01 0.000000e+00 8.307056e+01 -3.726772e+01
1.358035e+02 0.000000e+00 8.307056e+01 5.273291e+01
1.253076e+02 0.000000e+00 1.565706e+02 -3.126292e+01
1.925674e+02 0.000000e+00 1.565706e+02 3.599686e+01
1.019557e+02 0.000000e+00 1.307769e+02 -2.882115e+01
1.646423e+02 0.000000e+00 1.307769e+02 3.386549e+01
1.257330e+02 0.000000e+00 5.256578e+01 7.316722e+01
-3.001727e+01 0.000000e+00 5.256578e+01 -8.258305e+01
