2.502796e+02 2.450597e+02 2.450597e+02 2.502796e+02
2.411325e+02 2.450597e+02 2.450597e+02 2.411325e+02
1.928619e+02 0.000000e+00 1.202560e+02 7.260582e+01
4.927231e+01 0.000000e+00 1.202560e+02 -7.098373e+01
4.381841e+01 0.000000e+00 5.059967e+01 -6.781254e+00
5.696293e+01 0.000000e+00 5.059967e+01 6.363266e+00
1.978258e+02 0.000000e+00 1.586826e+02 3.914316e+01
1.114180e+02 0.000000e+00 1.586826e+02 -4.726457e+01
2.053848e+02 0.000000e+00 1.667023e+02 3.868251e+01
1.158335e+02 0.000000e+00 1.667023e+02 -5.086885e+01
1.315936e+02 0.000000e+00 1.173148e+02 1.427888e+01
1.022787e+02 0.000000e+00 1.173148e+02 -1.503603e+01
1.388611e+02 0.000000e+00 1.527768e+02 -1.391567e+01
1.676983e+02 0.000000e+00 1.527768e+02 1.492150e+01
1.057951e+02 0.000000e+00 1.099759e+02 -4.180740e+00
1.295826e+02 0.000000e+00 1.099759e+02 1.960675e+01
1.218890e+02 0.000000e+00 1.284604e+02 -6.571435e+00
1.357615e+02 0.000000e+00 1.284604e+02 7.301038e+00
7.999206e+01 0.000000e+00 1.000877e+02 -2.009569e+01
1.159563e+02 0.000000e+00 1.000877e+02 1.586854e+01
1.184661e+02 0.000000e+00 1.007909e+02 1.767525e+01
8.583985e+01 0.000000e+00 1.007909e+02 -1.495103e+01
2.279211e+02 0.000000e+00 1.931262e+02 3.479489e+01
1.510097e+02 0.000000e+00 1.931262e+02 -4.211649e+01
1.038720e+02 0.000000e+00 9.687599e+01 6.996015e+00
9.024715e+01 0.000000e+00 9.687599e+01 -6.628840e+00
8.601153e+01 0.000000e+00 8.970446e+01 -3.692936e+00
9.403219e+01 0.000000e+00 8.970446e+01 4.327727e+00
2.988917e+02 0.000000e+00 2.999813e+02 -1.089602e+00
3.031185e+02 0.000000e+00 2.999813e+02 3.137173e+00
1.474009e+02 0.000000e+00 1.258544e+02 2.154649e+01
1.060456e+02 0.000000e+00 1.258544e+02 -1.980884e+01
2.077976e+02 0.000000e+00 1.750241e+02 3.277343e+01
1.511219e+02 0.000000e+00 1.750241e+02 -2.390222e+01
5.764592e+01 0.000000e+00 1.950696e+01 3.813896e+01
-2.530518e+01 0.000000e+00 1.950696e+01 -4.481214e+01
1.981776e+02 0.000000e+00 1.273819e+02 7.079566e+01
9.347591e+01 0.000000e+00 1.273819e+02 -3.390601e+01
7.591035e+01 0.000000e+00 8.699203e+01 -1.108169e+01
9.853944e+01 0.000000e+00 8.699203e+01 1.154741e+01
2.345138e+02 0.000000e+00 2.129982e+02 2.151555e+01
1.914729e+02 0.000000e+00 2.129982e+02 -2.152536e+01
1.438395e+02 0.000000e+00 1.026490e+02 4.119049e+01
6.781070e+01 0.000000e+00 1.026490e+02 -3.483830e+01
1.368396e+02 0.000000e+00 1.424763e+02 -5.636757e+00
1.515272e+02 0.000000e+00 1.424763e+02 9.050898e+00
1.123430e+02 0.000000e+00 1.058069e+02 6.536043e+00
9.951779e+01 0.000000e+00 1.058069e+02 -6.289121e+00
4.858403e+01 0.000000e+00 5.026424e+01 -1.680211e+00
5.196641e+01 0.000000e+00 5.026424e+01 1.702167e+00
1.282237e+02 0.000000e+00 1.005287e+02 2.769497e+01
7.304380e+01 0.000000e+00 1.005287e+02 -2.748492e+01
