3.443688e+01 0.000000e+00 6.122887e+01 -2.679198e+01
9.421545e+01 0.000000e+00 6.122887e+01 3.298659e+01
1.651097e+02 0.000000e+00 1.119856e+02 5.312406e+01
7.847963e+01 0.000000e+00 1.119856e+02 -3.350597e+01
3.362295e+02 0.000000e+00 2.847953e+02 5.143414e+01
2.493577e+02 0.000000e+00 2.847953e+02 -3.543762e+01
9.840445e+02 8.659894e+02 8.659894e+02 9.840445e+02
6.065212e+02 8.659894e+02 8.659894e+02 6.065212e+02
1.154307e+02 0.000000e+00 1.404575e+02 -2.502682e+01
1.684702e+02 0.000000e+00 1.404575e+02 2.801274e+01
2.992086e+02 0.000000e+00 2.995553e+02 -3.466492e-01
2.999283e+02 0.000000e+00 2.995553e+02 3.730164e-01
2.479461e+02 0.000000e+00 2.844578e+02 -3.651163e+01
3.217056e+02 0.000000e+00 2.844578e+02 3.724783e+01
3.518715e+02 0.000000e+00 4.075709e+02 -5.569937e+01
4.807989e+02 0.000000e+00 4.075709e+02 7.322800e+01
1.639894e+02 0.000000e+00 1.773596e+02 -1.337027e+01
1.903915e+02 0.000000e+00 1.773596e+02 1.303189e+01
1.447561e+02 0.000000e+00 1.924654e+02 -4.770923e+01
2.219129e+02 0.000000e+00 1.924654e+02 2.944749e+01
2.942717e+02 0.000000e+00 2.047731e+02 8.949858e+01
1.290307e+02 0.000000e+00 2.047731e+02 -7.574246e+01
1.965515e+02 0.000000e+00 2.122335e+02 -1.568207e+01
2.330779e+02 0.000000e+00 2.122335e+02 2.084433e+01
1.688853e+02 0.000000e+00 1.875272e+02 -1.864191e+01
2.034428e+02 0.000000e+00 1.875272e+02 1.591563e+01
2.323059e+02 0.000000e+00 2.588439e+02 -2.653801e+01
2.865460e+02 0.000000e+00 2.588439e+02 2.770203e+01
5.031830e+02 0.000000e+00 4.184850e+02 8.469803e+01
3.206194e+02 0.000000e+00 4.184850e+02 -9.786560e+01
1.396690e+02 0.000000e+00 1.447844e+02 -5.115402e+00
1.496785e+02 0.000000e+00 1.447844e+02 4.894089e+00
1.469039e+02 0.000000e+00 1.707733e+02 -2.386937e+01
1.952118e+02 0.000000e+00 1.707733e+02 2.443848e+01
2.809370e+02 0.000000e+00 1.388135e+02 1.421236e+02
-5.244093e-01 0.000000e+00 1.388135e+02 -1.393379e+02
6.286655e+02 0.000000e+00 3.128325e+02 3.158330e+02
2.562817e+02 0.000000e+00 3.128325e+02 -5.655072e+01
2.379803e+02 0.000000e+00 2.048917e+02 3.308859e+01
1.722000e+02 0.000000e+00 2.048917e+02 -3.269168e+01
4.671209e+02 0.000000e+00 5.402397e+02 -7.311874e+01
5.952889e+02 0.000000e+00 5.402397e+02 5.504926e+01
2.083129e+02 0.000000e+00 1.120727e+02 9.624016e+01
5.566149e+01 0.000000e+00 1.120727e+02 -5.641122e+01
1.103332e+02 0.000000e+00 1.273671e+02 -1.703391e+01
1.473683e+02 0.000000e+00 1.273671e+02 2.000116e+01
6.623541e+01 0.000000e+00 6.602249e+01 2.129211e-01
6.580128e+01 0.000000e+00 6.602249e+01 -2.212067e-01
2.444953e+02 0.000000e+00 3.244531e+02 -7.995786e+01
4.148971e+02 0.000000e+00 3.244531e+02 9.044397e+01
6.235976e+01 0.000000e+00 1.361530e+02 -7.379324e+01
2.281720e+02 0.000000e+00 1.361530e+02 9.201904e+01
