1.208833e+02 0.000000e+00 1.153678e+02 5.515557e+00
1.102063e+02 0.000000e+00 1.153678e+02 -5.161469e+00
2.341392e+02 0.000000e+00 1.603766e+02 7.376262e+01
8.987513e+01 0.000000e+00 1.603766e+02 -7.050149e+01
7.517902e+01 0.000000e+00 8.253267e+01 -7.353655e+00
8.926234e+01 0.000000e+00 8.253267e+01 6.729666e+00
2.357939e+02 0.000000e+00 1.765987e+02 5.919513e+01
1.050171e+02 0.000000e+00 1.765987e+02 -7.158159e+01
2.249542e+02 0.000000e+00 1.812154e+02 4.373878e+01
1.288485e+02 0.000000e+00 1.812154e+02 -5.236693e+01
3.077376e+02 2.740740e+02 2.740740e+02 3.077376e+02
2.387375e+02 2.740740e+02 2.740740e+02 2.387375e+02
1.433439e+02 0.000000e+00 1.607515e+02 -1.740755e+01
1.790190e+02 0.000000e+00 1.607515e+02 1.826758e+01
1.288748e+02 0.000000e+00 1.289277e+02 -5.295603e-02
1.465255e+02 0.000000e+00 1.289277e+02 1.759772e+01
1.533868e+02 0.000000e+00 1.583192e+02 -4.932433e+00
1.639989e+02 0.000000e+00 1.583192e+02 5.679607e+00
1.109465e+02 0.000000e+00 1.200924e+02 -9.145946e+00
1.281624e+02 0.000000e+00 1.200924e+02 8.069914e+00
1.450447e+02 0.000000e+00 1.290990e+02 1.594576e+01
1.164576e+02 0.000000e+00 1.290990e+02 -1.264140e+01
2.616660e+02 0.000000e+00 2.269360e+02 3.473009e+01
1.890273e+02 0.000000e+00 2.269360e+02 -3.790863e+01
1.397074e+02 0.000000e+00 1.257028e+02 1.400457e+01
1.108824e+02 0.000000e+00 1.257028e+02 -1.482047e+01
1.417056e+02 0.000000e+00 1.525561e+02 -1.085051e+01
1.648706e+02 0.000000e+00 1.525561e+02 1.231441e+01
2.955668e+02 0.000000e+00 2.976601e+02 -2.093289e+00
3.044431e+02 0.000000e+00 2.976601e+02 6.783008e+00
1.255368e+02 0.000000e+00 1.079452e+02 1.759156e+01
9.173871e+01 0.000000e+00 1.079452e+02 -1.620651e+01
2.209772e+02 0.000000e+00 1.927667e+02 2.821057e+01
1.723676e+02 0.000000e+00 1.927667e+02 -2.039910e+01
1.214598e+02 0.000000e+00 7.252981e+01 4.893003e+01
2.016347e+01 0.000000e+00 7.252981e+01 -5.236634e+01
1.783193e+02 0.000000e+00 1.429185e+02 3.540080e+01
1.194892e+02 0.000000e+00 1.429185e+02 -2.342925e+01
7.295515e+01 0.000000e+00 8.832842e+01 -1.537327e+01
1.050527e+02 0.000000e+00 8.832842e+01 1.672433e+01
2.173977e+02 0.000000e+00 1.893334e+02 2.806428e+01
1.630947e+02 0.000000e+00 1.893334e+02 -2.623875e+01
1.754064e+02 0.000000e+00 1.258629e+02 4.954349e+01
8.458966e+01 0.000000e+00 1.258629e+02 -4.127324e+01
1.330632e+02 0.000000e+00 1.429440e+02 -9.880798e+00
1.555818e+02 0.000000e+00 1.429440e+02 1.263780e+01
1.417421e+02 0.000000e+00 1.312222e+02 1.051988e+01
1.197671e+02 0.000000e+00 1.312222e+02 -1.145518e+01
4.824978e+01 0.000000e+00 5.392197e+01 -5.672186e+00
6.132811e+01 0.000000e+00 5.392197e+01 7.406145e+00
1.199080e+02 0.000000e+00 1.017749e+02 1.813308e+01
8.484763e+01 0.000000e+00 1.017749e+02 -1.692729e+01
