-2.363701e+01 0.000000e+00 -9.520407e+01 7.156706e+01
-1.760885e+02 0.000000e+00 -9.520407e+01 -8.088441e+01
1.107420e+02 0.000000e+00 7.481033e+01 3.593166e+01
4.325324e+01 0.000000e+00 7.481033e+01 -3.155709e+01
7.132054e+01 0.000000e+00 7.118378e+01 1.367569e-01
7.106676e+01 0.000000e+00 7.118378e+01 -1.170273e-01
1.411537e+01 0.000000e+00 -4.316522e+01 5.728058e+01
-1.126318e+02 0.000000e+00 -4.316522e+01 -6.946662e+01
-4.916045e+01 0.000000e+00 -5.460575e+01 5.445305e+00
-5.974699e+01 0.000000e+00 -5.460575e+01 -5.141243e+00
-4.622309e+01 0.000000e+00 -8.145842e+01 3.523533e+01
-1.151638e+02 0.000000e+00 -8.145842e+01 -3.370539e+01
-5.944640e+01 0.000000e+00 -4.281625e+01 -1.663015e+01
-1.796098e+01 0.000000e+00 -4.281625e+01 2.485527e+01
-1.923798e+00 0.000000e+00 -3.204259e+01 3.011879e+01
-6.076491e+01 0.000000e+00 -3.204259e+01 -2.872232e+01
2.365687e+01 0.000000e+00 2.193617e+01 1.720699e+00
1.996666e+01 0.000000e+00 2.193617e+01 -1.969515e+00
-5.645520e+01 0.000000e+00 -2.802540e+01 -2.842981e+01
-9.171867e-02 0.000000e+00 -2.802540e+01 2.793368e+01
-4.438597e+00 0.000000e+00 -5.346511e+01 4.902652e+01
-1.005410e+02 0.000000e+00 -5.346511e+01 -4.707589e+01
2.183889e+02 0.000000e+00 2.269699e+02 -8.580994e+00
2.366578e+02 0.000000e+00 2.269699e+02 9.687866e+00
1.065059e+01 0.000000e+00 8.059789e+01 -6.994730e+01
1.360751e+02 0.000000e+00 8.059789e+01 5.547719e+01
-8.515530e+01 0.000000e+00 -1.066894e+02 2.153406e+01
-1.292219e+02 0.000000e+00 -1.066894e+02 -2.253252e+01
2.448476e+01 0.000000e+00 2.503100e+01 -5.462437e-01
2.560641e+01 0.000000e+00 2.503100e+01 5.754070e-01
9.383012e+01 0.000000e+00 9.606972e+01 -2.239594e+00
9.815423e+01 0.000000e+00 9.606972e+01 2.084511e+00
3.982561e+01 0.000000e+00 8.790426e+01 -4.807865e+01
1.189771e+02 0.000000e+00 8.790426e+01 3.107284e+01
5.851843e+00 0.000000e+00 -3.235490e+01 3.820675e+01
-9.520866e+01 0.000000e+00 -3.235490e+01 -6.285375e+01
9.533331e+01 0.000000e+00 4.815447e+01 4.717884e+01
1.323799e+01 0.000000e+00 4.815447e+01 -3.491648e+01
6.306941e+01 0.000000e+00 -3.469864e+01 9.776805e+01
-1.398882e+02 0.000000e+00 -3.469864e+01 -1.051896e+02
5.243608e+01 0.000000e+00 2.046341e+01 3.197268e+01
-8.863308e+00 0.000000e+00 2.046341e+01 -2.932671e+01
4.161190e+01 0.000000e+00 1.096629e+01 3.064560e+01
-1.578504e+01 0.000000e+00 1.096629e+01 -2.675134e+01
-1.109202e+02 0.000000e+00 -9.125611e+01 -1.966413e+01
-6.250535e+01 0.000000e+00 -9.125611e+01 2.875076e+01
5.899435e+02 5.095148e+02 5.095148e+02 5.899435e+02
4.321342e+02 5.095148e+02 5.095148e+02 4.321342e+02
1.890090e+01 0.000000e+00 1.726782e+01 1.633076e+00
1.544293e+01 0.000000e+00 1.726782e+01 -1.824890e+00
2.029841e+02 0.000000e+00 7.736327e+01 1.256208e+02
-3.825854e+01 0.000000e+00 7.736327e+01 -1.156218e+02
