1.306861e+02 0.000000e+00 1.229098e+02 7.776322e+00
1.159745e+02 0.000000e+00 1.229098e+02 -6.935284e+00
1.942611e+02 0.000000e+00 1.260080e+02 6.825316e+01
6.045542e+01 0.000000e+00 1.260080e+02 -6.555257e+01
3.842407e+01 0.000000e+00 4.080897e+01 -2.384900e+00
4.292236e+01 0.000000e+00 4.080897e+01 2.113386e+00
2.226890e+02 0.000000e+00 1.807247e+02 4.196432e+01
1.262665e+02 0.000000e+00 1.807247e+02 -5.445819e+01
1.852845e+02 0.000000e+00 1.547673e+02 3.051725e+01
1.141383e+02 0.000000e+00 1.547673e+02 -4.062900e+01
1.129096e+02 0.000000e+00 1.084581e+02 4.451405e+00
1.053143e+02 0.000000e+00 1.084581e+02 -3.143856e+00
1.436382e+02 0.000000e+00 1.532276e+02 -9.589369e+00
1.635353e+02 0.000000e+00 1.532276e+02 1.030766e+01
1.259431e+02 0.000000e+00 1.356974e+02 -9.754306e+00
1.693887e+02 0.000000e+00 1.356974e+02 3.369130e+01
1.401223e+02 0.000000e+00 1.430652e+02 -2.942903e+00
1.462505e+02 0.000000e+00 1.430652e+02 3.185316e+00
8.595823e+01 0.000000e+00 1.104829e+02 -2.452471e+01
1.303126e+02 0.000000e+00 1.104829e+02 1.982963e+01
1.063464e+02 0.000000e+00 9.647687e+01 9.869550e+00
8.966072e+01 0.000000e+00 9.647687e+01 -6.816157e+00
2.133649e+02 0.000000e+00 1.831609e+02 3.020401e+01
1.477329e+02 0.000000e+00 1.831609e+02 -3.542799e+01
1.246680e+02 0.000000e+00 1.292785e+02 -4.610514e+00
1.344244e+02 0.000000e+00 1.292785e+02 5.145912e+00
1.110269e+02 0.000000e+00 1.091832e+02 1.843677e+00
1.064782e+02 0.000000e+00 1.091832e+02 -2.705008e+00
3.226136e+02 0.000000e+00 3.192946e+02 3.319021e+00
3.183230e+02 0.000000e+00 3.192946e+02 -9.716462e-01
3.331522e+02 2.965876e+02 2.965876e+02 3.331522e+02
2.617949e+02 2.965876e+02 2.965876e+02 2.617949e+02
2.383809e+02 0.000000e+00 2.007320e+02 3.764892e+01
1.715634e+02 0.000000e+00 2.007320e+02 -2.916859e+01
6.862384e+01 0.000000e+00 3.609096e+01 3.253288e+01
-1.657710e+00 0.000000e+00 3.609096e+01 -3.774867e+01
1.705820e+02 0.000000e+00 1.186413e+02 5.194073e+01
8.995457e+01 0.000000e+00 1.186413e+02 -2.868671e+01
1.175666e+02 0.000000e+00 1.232376e+02 -5.671004e+00
1.291753e+02 0.000000e+00 1.232376e+02 5.937677e+00
2.603393e+02 0.000000e+00 2.524206e+02 7.918711e+00
2.452082e+02 0.000000e+00 2.524206e+02 -7.212423e+00
1.516519e+02 0.000000e+00 1.075225e+02 4.412938e+01
6.901691e+01 0.000000e+00 1.075225e+02 -3.850561e+01
1.302723e+02 0.000000e+00 1.362368e+02 -5.964470e+00
1.445505e+02 0.000000e+00 1.362368e+02 8.313720e+00
1.133521e+02 0.000000e+00 1.004169e+02 1.293518e+01
8.657319e+01 0.000000e+00 1.004169e+02 -1.384374e+01
5.177719e+01 0.000000e+00 6.136271e+01 -9.585524e+00
7.389183e+01 0.000000e+00 6.136271e+01 1.252912e+01
1.131057e+02 0.000000e+00 9.739577e+01 1.570995e+01
8.232703e+01 0.000000e+00 9.739577e+01 -1.506874e+01
