9.380604e+01 0.000000e+00 9.361562e+01 1.904229e-01
9.339508e+01 0.000000e+00 9.361562e+01 -2.205344e-01
2.042962e+02 0.000000e+00 1.388196e+02 6.547660e+01
7.862386e+01 0.000000e+00 1.388196e+02 -6.019569e+01
4.909048e+01 0.000000e+00 5.394687e+01 -4.856389e+00
5.837730e+01 0.000000e+00 5.394687e+01 4.430433e+00
1.618555e+02 0.000000e+00 1.188910e+02 4.296453e+01
6.619033e+01 0.000000e+00 1.188910e+02 -5.270062e+01
3.177201e+02 2.772324e+02 2.772324e+02 3.177201e+02
2.268692e+02 2.772324e+02 2.772324e+02 2.268692e+02
9.306446e+01 0.000000e+00 8.637364e+01 6.690824e+00
7.952024e+01 0.000000e+00 8.637364e+01 -6.853398e+00
1.013634e+02 0.000000e+00 1.195439e+02 -1.818054e+01
1.390016e+02 0.000000e+00 1.195439e+02 1.945771e+01
1.054315e+02 0.000000e+00 1.098045e+02 -4.373065e+00
1.257336e+02 0.000000e+00 1.098045e+02 1.592907e+01
1.036556e+02 0.000000e+00 1.072595e+02 -3.603860e+00
1.111396e+02 0.000000e+00 1.072595e+02 3.880118e+00
6.807749e+01 0.000000e+00 9.112607e+01 -2.304858e+01
1.098808e+02 0.000000e+00 9.112607e+01 1.875476e+01
1.287753e+02 0.000000e+00 1.104288e+02 1.834655e+01
9.501402e+01 0.000000e+00 1.104288e+02 -1.541475e+01
1.855445e+02 0.000000e+00 1.626647e+02 2.287977e+01
1.354624e+02 0.000000e+00 1.626647e+02 -2.720229e+01
1.118395e+02 0.000000e+00 9.915181e+01 1.268769e+01
8.580458e+01 0.000000e+00 9.915181e+01 -1.334723e+01
7.408893e+01 0.000000e+00 8.400528e+01 -9.916353e+00
9.497593e+01 0.000000e+00 8.400528e+01 1.097064e+01
2.387270e+02 0.000000e+00 2.426180e+02 -3.890969e+00
2.479421e+02 0.000000e+00 2.426180e+02 5.324134e+00
9.212868e+01 0.000000e+00 6.770448e+01 2.442420e+01
4.419488e+01 0.000000e+00 6.770448e+01 -2.350960e+01
1.756003e+02 0.000000e+00 1.547168e+02 2.088353e+01
1.396500e+02 0.000000e+00 1.547168e+02 -1.506672e+01
5.999489e+01 0.000000e+00 2.902902e+01 3.096587e+01
-6.445526e+00 0.000000e+00 2.902902e+01 -3.547454e+01
2.114574e+02 0.000000e+00 1.305025e+02 8.095492e+01
9.250444e+01 0.000000e+00 1.305025e+02 -3.799808e+01
7.497722e+01 0.000000e+00 7.982411e+01 -4.846892e+00
8.523324e+01 0.000000e+00 7.982411e+01 5.409126e+00
2.079838e+02 0.000000e+00 1.687889e+02 3.919494e+01
1.340725e+02 0.000000e+00 1.687889e+02 -3.471644e+01
1.356434e+02 0.000000e+00 9.746776e+01 3.817563e+01
6.500126e+01 0.000000e+00 9.746776e+01 -3.246649e+01
9.003916e+01 0.000000e+00 1.075437e+02 -1.750456e+01
1.294544e+02 0.000000e+00 1.075437e+02 2.191065e+01
7.645176e+01 0.000000e+00 8.315755e+01 -6.705789e+00
8.988651e+01 0.000000e+00 8.315755e+01 6.728951e+00
4.168057e+01 0.000000e+00 3.325055e+01 8.430021e+00
2.119814e+01 0.000000e+00 3.325055e+01 -1.205240e+01
9.730634e+01 0.000000e+00 7.140226e+01 2.590408e+01
4.542833e+01 0.000000e+00 7.140226e+01 -2.597393e+01
