-7.868997e+01 0.000000e+00 -2.763243e+01 -5.105754e+01
3.024227e+01 0.000000e+00 -2.763243e+01 5.787470e+01
2.940177e+02 0.000000e+00 2.384998e+02 5.551787e+01
1.786913e+02 0.000000e+00 2.384998e+02 -5.980858e+01
4.609892e+01 0.000000e+00 -2.663572e+00 4.876249e+01
-4.309698e+01 0.000000e+00 -2.663572e+00 -4.043341e+01
1.810978e+02 0.000000e+00 1.591451e+02 2.195271e+01
1.397331e+02 0.000000e+00 1.591451e+02 -1.941197e+01
3.375040e+02 0.000000e+00 3.105697e+02 2.693423e+01
2.729467e+02 0.000000e+00 3.105697e+02 -3.762299e+01
6.470633e+01 0.000000e+00 4.802576e+01 1.668057e+01
2.326719e+01 0.000000e+00 4.802576e+01 -2.475857e+01
2.574381e+01 0.000000e+00 -2.259802e+00 2.800361e+01
-2.410611e+01 0.000000e+00 -2.259802e+00 -2.184631e+01
1.020151e+02 0.000000e+00 1.022263e+02 -2.112503e-01
1.023802e+02 0.000000e+00 1.022263e+02 1.538849e-01
7.610262e+01 0.000000e+00 5.418614e+01 2.191648e+01
3.333913e+01 0.000000e+00 5.418614e+01 -2.084702e+01
1.364504e+02 0.000000e+00 9.496617e+01 4.148427e+01
5.531625e+01 0.000000e+00 9.496617e+01 -3.964992e+01
5.566699e+01 0.000000e+00 1.293037e+02 -7.363672e+01
1.734467e+02 0.000000e+00 1.293037e+02 4.414299e+01
1.463155e+02 0.000000e+00 5.717647e+01 8.913906e+01
-3.507138e+01 0.000000e+00 5.717647e+01 -9.224785e+01
1.929893e+02 0.000000e+00 1.186201e+02 7.436923e+01
4.721350e+01 0.000000e+00 1.186201e+02 -7.140660e+01
5.800838e+00 0.000000e+00 1.006203e+01 -4.261187e+00
1.436607e+01 0.000000e+00 1.006203e+01 4.304049e+00
1.569684e+02 0.000000e+00 2.029136e+02 -4.594516e+01
2.437553e+02 0.000000e+00 2.029136e+02 4.084167e+01
4.306364e+02 0.000000e+00 3.336692e+02 9.696719e+01
2.366740e+02 0.000000e+00 3.336692e+02 -9.699512e+01
1.204714e+02 0.000000e+00 1.475429e+02 -2.707147e+01
1.708794e+02 0.000000e+00 1.475429e+02 2.333650e+01
1.845231e+02 0.000000e+00 1.125133e+02 7.200977e+01
2.218728e+01 0.000000e+00 1.125133e+02 -9.032606e+01
7.111865e+01 0.000000e+00 1.399676e+02 -6.884897e+01
1.714054e+02 0.000000e+00 1.399676e+02 3.143782e+01
8.904642e+02 8.585484e+02 8.585484e+02 8.904642e+02
8.204987e+02 8.585484e+02 8.585484e+02 8.204987e+02
-5.919584e+00 0.000000e+00 3.799561e+01 -4.391519e+01
8.280197e+01 0.000000e+00 3.799561e+01 4.480636e+01
5.116184e+02 0.000000e+00 3.577441e+02 1.538742e+02
2.462805e+02 0.000000e+00 3.577441e+02 -1.114636e+02
7.048307e+01 0.000000e+00 1.026244e+02 -3.214134e+01
1.324415e+02 0.000000e+00 1.026244e+02 2.981712e+01
1.034191e+02 0.000000e+00 7.364124e+01 2.977782e+01
4.132807e+01 0.000000e+00 7.364124e+01 -3.231317e+01
1.386026e+02 0.000000e+00 5.257518e+01 8.602742e+01
-6.705325e+01 0.000000e+00 5.257518e+01 -1.196284e+02
1.719449e+02 0.000000e+00 1.251782e+02 4.676671e+01
7.855148e+01 0.000000e+00 1.251782e+02 -4.662675e+01
