8.759845e+01 0.000000e+00 8.817749e+01 -5.790342e-01
8.875210e+01 0.000000e+00 8.817749e+01 5.746144e-01
1.886818e+02 0.000000e+00 1.252509e+02 6.343084e+01
6.621466e+01 0.000000e+00 1.252509e+02 -5.903628e+01
2.507511e+01 0.000000e+00 3.192320e+01 -6.848093e+00
3.772846e+01 0.000000e+00 3.192320e+01 5.805257e+00
1.749444e+02 0.000000e+00 1.270468e+02 4.789764e+01
7.008703e+01 0.000000e+00 1.270468e+02 -5.695973e+01
1.731520e+02 0.000000e+00 1.478509e+02 2.530114e+01
1.158563e+02 0.000000e+00 1.478509e+02 -3.199459e+01
9.050554e+01 0.000000e+00 8.148083e+01 9.024710e+00
7.173976e+01 0.000000e+00 8.148083e+01 -9.741069e+00
9.535942e+01 0.000000e+00 1.132456e+02 -1.788623e+01
1.319151e+02 0.000000e+00 1.132456e+02 1.866944e+01
8.851480e+01 0.000000e+00 9.528563e+01 -6.770827e+00
1.148505e+02 0.000000e+00 9.528563e+01 1.956487e+01
1.110352e+02 0.000000e+00 1.132454e+02 -2.210190e+00
1.157846e+02 0.000000e+00 1.132454e+02 2.539246e+00
7.676896e+01 0.000000e+00 9.737399e+01 -2.060503e+01
1.141472e+02 0.000000e+00 9.737399e+01 1.677319e+01
1.179302e+02 0.000000e+00 1.006508e+02 1.727935e+01
8.666361e+01 0.000000e+00 1.006508e+02 -1.398723e+01
1.831910e+02 0.000000e+00 1.590325e+02 2.415848e+01
1.334121e+02 0.000000e+00 1.590325e+02 -2.562033e+01
1.011389e+02 0.000000e+00 9.897977e+01 2.159101e+00
9.618812e+01 0.000000e+00 9.897977e+01 -2.791648e+00
6.678674e+01 0.000000e+00 7.639981e+01 -9.613073e+00
8.667080e+01 0.000000e+00 7.639981e+01 1.027098e+01
2.290933e+02 0.000000e+00 2.353094e+02 -6.216054e+00
2.433790e+02 0.000000e+00 2.353094e+02 8.069639e+00
1.062383e+02 0.000000e+00 8.417422e+01 2.206411e+01
6.336680e+01 0.000000e+00 8.417422e+01 -2.080742e+01
2.997889e+02 2.732181e+02 2.732181e+02 2.997889e+02
2.526012e+02 2.732181e+02 2.732181e+02 2.526012e+02
7.362183e+01 0.000000e+00 3.085022e+01 4.277160e+01
-1.710177e+01 0.000000e+00 3.085022e+01 -4.795199e+01
1.748472e+02 0.000000e+00 1.115353e+02 6.331191e+01
8.203879e+01 0.000000e+00 1.115353e+02 -2.949649e+01
6.346099e+01 0.000000e+00 7.383736e+01 -1.037637e+01
8.591251e+01 0.000000e+00 7.383736e+01 1.207516e+01
2.271223e+02 0.000000e+00 1.872113e+02 3.991103e+01
1.521953e+02 0.000000e+00 1.872113e+02 -3.501593e+01
1.272286e+02 0.000000e+00 8.992808e+01 3.730053e+01
5.657995e+01 0.000000e+00 8.992808e+01 -3.334813e+01
9.627350e+01 0.000000e+00 1.120748e+02 -1.580133e+01
1.309808e+02 0.000000e+00 1.120748e+02 1.890592e+01
8.752490e+01 0.000000e+00 8.967268e+01 -2.147782e+00
9.193555e+01 0.000000e+00 8.967268e+01 2.262871e+00
3.310707e+01 0.000000e+00 2.188065e+01 1.122643e+01
7.557426e+00 0.000000e+00 2.188065e+01 -1.432322e+01
1.037904e+02 0.000000e+00 7.657448e+01 2.721595e+01
4.921872e+01 0.000000e+00 7.657448e+01 -2.735577e+01
