2.081147e+02 0.000000e+00 1.415560e+02 6.655873e+01
7.436690e+01 0.000000e+00 1.415560e+02 -6.718907e+01
1.520638e+02 0.000000e+00 1.001656e+02 5.189825e+01
4.837328e+01 0.000000e+00 1.001656e+02 -5.179230e+01
1.366841e+02 0.000000e+00 8.184129e+01 5.484277e+01
4.078566e+01 0.000000e+00 8.184129e+01 -4.105563e+01
1.575263e+02 0.000000e+00 1.019104e+02 5.561590e+01
3.849657e+01 0.000000e+00 1.019104e+02 -6.341383e+01
1.623773e+02 0.000000e+00 1.543151e+02 8.062149e+00
1.419376e+02 0.000000e+00 1.543151e+02 -1.237758e+01
7.829455e+01 0.000000e+00 1.027102e+02 -2.441560e+01
1.231194e+02 0.000000e+00 1.027102e+02 2.040925e+01
4.594634e+01 0.000000e+00 7.138324e+01 -2.543690e+01
9.623382e+01 0.000000e+00 7.138324e+01 2.485058e+01
2.699556e+01 0.000000e+00 7.032349e+00 1.996321e+01
-1.857893e+01 0.000000e+00 7.032349e+00 -2.561128e+01
3.848314e+01 0.000000e+00 8.412899e+01 -4.564585e+01
1.274744e+02 0.000000e+00 8.412899e+01 4.334546e+01
1.506666e+02 0.000000e+00 2.040626e+02 -5.339594e+01
2.533496e+02 0.000000e+00 2.040626e+02 4.928699e+01
9.938965e+01 0.000000e+00 1.199020e+02 -2.051234e+01
1.361864e+02 0.000000e+00 1.199020e+02 1.628443e+01
3.582666e+02 0.000000e+00 2.949781e+02 6.328854e+01
2.349066e+02 0.000000e+00 2.949781e+02 -6.007153e+01
1.529831e+02 0.000000e+00 1.509999e+02 1.983261e+00
1.491694e+02 0.000000e+00 1.509999e+02 -1.830444e+00
1.677854e+02 0.000000e+00 1.673225e+02 4.628754e-01
1.668372e+02 0.000000e+00 1.673225e+02 -4.853210e-01
2.018851e+02 0.000000e+00 1.297854e+02 7.209969e+01
5.721132e+01 0.000000e+00 1.297854e+02 -7.257407e+01
7.272136e+01 0.000000e+00 1.324186e+02 -5.969727e+01
1.915665e+02 0.000000e+00 1.324186e+02 5.914792e+01
2.983320e+02 0.000000e+00 2.398243e+02 5.850769e+01
1.967003e+02 0.000000e+00 2.398243e+02 -4.312408e+01
4.689452e+01 0.000000e+00 7.454567e+00 3.943996e+01
-3.166401e+01 0.000000e+00 7.454567e+00 -3.911858e+01
6.487532e+01 0.000000e+00 3.570185e+01 2.917347e+01
2.161912e+01 0.000000e+00 3.570185e+01 -1.408274e+01
1.129532e+02 0.000000e+00 1.173919e+02 -4.438713e+00
1.211821e+02 0.000000e+00 1.173919e+02 3.790192e+00
1.524703e+02 0.000000e+00 1.175115e+02 3.495882e+01
9.329626e+01 0.000000e+00 1.175115e+02 -2.421525e+01
7.315129e+02 6.037200e+02 6.037200e+02 7.315129e+02
4.833097e+02 6.037200e+02 6.037200e+02 4.833097e+02
8.822470e+01 0.000000e+00 1.245021e+02 -3.627739e+01
1.568375e+02 0.000000e+00 1.245021e+02 3.233537e+01
7.762241e+01 0.000000e+00 6.731832e+01 1.030408e+01
5.646851e+01 0.000000e+00 6.731832e+01 -1.084981e+01
5.911741e+01 0.000000e+00 6.030699e+01 -1.189579e+00
6.134438e+01 0.000000e+00 6.030699e+01 1.037395e+00
2.494506e+02 0.000000e+00 1.490995e+02 1.003511e+02
6.221005e+01 0.000000e+00 1.490995e+02 -8.688943e+01
