1.100185e+02 0.000000e+00 1.014334e+02 8.585025e+00
9.244682e+01 0.000000e+00 1.014334e+02 -8.986620e+00
2.270411e+02 0.000000e+00 1.580668e+02 6.897433e+01
9.496529e+01 0.000000e+00 1.580668e+02 -6.310149e+01
7.900281e+01 0.000000e+00 7.827774e+01 7.250681e-01
7.765226e+01 0.000000e+00 7.827774e+01 -6.254805e-01
2.379182e+02 0.000000e+00 1.906145e+02 4.730372e+01
1.317595e+02 0.000000e+00 1.906145e+02 -5.885505e+01
2.044608e+02 0.000000e+00 1.816474e+02 2.281341e+01
1.523601e+02 0.000000e+00 1.816474e+02 -2.928736e+01
1.180791e+02 0.000000e+00 1.131899e+02 4.889216e+00
1.081589e+02 0.000000e+00 1.131899e+02 -5.031073e+00
1.249985e+02 0.000000e+00 1.457977e+02 -2.079916e+01
1.687846e+02 0.000000e+00 1.457977e+02 2.298693e+01
2.612166e+02 2.626961e+02 2.626961e+02 2.612166e+02
2.817864e+02 2.626961e+02 2.626961e+02 2.817864e+02
1.351362e+02 0.000000e+00 1.376203e+02 -2.484095e+00
1.401874e+02 0.000000e+00 1.376203e+02 2.567104e+00
1.004386e+02 0.000000e+00 1.207616e+02 -2.032299e+01
1.367276e+02 0.000000e+00 1.207616e+02 1.596604e+01
1.468578e+02 0.000000e+00 1.338344e+02 1.302341e+01
1.234280e+02 0.000000e+00 1.338344e+02 -1.040643e+01
2.421325e+02 0.000000e+00 2.146117e+02 2.752077e+01
1.815911e+02 0.000000e+00 2.146117e+02 -3.302059e+01
1.494656e+02 0.000000e+00 1.423888e+02 7.076852e+00
1.347841e+02 0.000000e+00 1.423888e+02 -7.604611e+00
1.034726e+02 0.000000e+00 1.130541e+02 -9.581545e+00
1.228621e+02 0.000000e+00 1.130541e+02 9.808016e+00
2.758803e+02 0.000000e+00 2.765301e+02 -6.498678e-01
2.795287e+02 0.000000e+00 2.765301e+02 2.998561e+00
1.420953e+02 0.000000e+00 1.171101e+02 2.498517e+01
9.265601e+01 0.000000e+00 1.171101e+02 -2.445413e+01
2.079916e+02 0.000000e+00 1.790084e+02 2.898327e+01
1.573976e+02 0.000000e+00 1.790084e+02 -2.161076e+01
1.029496e+02 0.000000e+00 5.863397e+01 4.431565e+01
8.900299e+00 0.000000e+00 5.863397e+01 -4.973367e+01
2.311196e+02 0.000000e+00 1.513903e+02 7.972930e+01
1.158670e+02 0.000000e+00 1.513903e+02 -3.552325e+01
1.006147e+02 0.000000e+00 1.038863e+02 -3.271642e+00
1.074267e+02 0.000000e+00 1.038863e+02 3.540403e+00
2.394987e+02 0.000000e+00 2.143273e+02 2.517134e+01
1.925542e+02 0.000000e+00 2.143273e+02 -2.177313e+01
1.778276e+02 0.000000e+00 1.307988e+02 4.702878e+01
9.174753e+01 0.000000e+00 1.307988e+02 -3.905127e+01
1.284159e+02 0.000000e+00 1.360796e+02 -7.663691e+00
1.458014e+02 0.000000e+00 1.360796e+02 9.721817e+00
9.779344e+01 0.000000e+00 9.651411e+01 1.279334e+00
9.493907e+01 0.000000e+00 9.651411e+01 -1.575041e+00
5.577270e+01 0.000000e+00 6.067569e+01 -4.902985e+00
6.968530e+01 0.000000e+00 6.067569e+01 9.009606e+00
1.309869e+02 0.000000e+00 1.060785e+02 2.490843e+01
8.223558e+01 0.000000e+00 1.060785e+02 -2.384290e+01
