1.087312e+02 0.000000e+00 1.055716e+02 3.159596e+00
1.022364e+02 0.000000e+00 1.055716e+02 -3.335181e+00
2.073928e+02 0.000000e+00 1.373788e+02 7.001404e+01
7.234556e+01 0.000000e+00 1.373788e+02 -6.503319e+01
5.209600e+01 0.000000e+00 5.397407e+01 -1.878066e+00
5.613190e+01 0.000000e+00 5.397407e+01 2.157835e+00
1.991064e+02 0.000000e+00 1.538174e+02 4.528899e+01
9.898285e+01 0.000000e+00 1.538174e+02 -5.483457e+01
1.880925e+02 0.000000e+00 1.584321e+02 2.966039e+01
1.212836e+02 0.000000e+00 1.584321e+02 -3.714854e+01
1.124465e+02 0.000000e+00 9.927828e+01 1.316827e+01
8.570753e+01 0.000000e+00 9.927828e+01 -1.357075e+01
1.161057e+02 0.000000e+00 1.329962e+02 -1.689054e+01
1.509648e+02 0.000000e+00 1.329962e+02 1.796860e+01
1.096127e+02 0.000000e+00 1.161860e+02 -6.573243e+00
1.370171e+02 0.000000e+00 1.161860e+02 2.083116e+01
1.163680e+02 0.000000e+00 1.206067e+02 -4.238782e+00
1.253801e+02 0.000000e+00 1.206067e+02 4.773359e+00
8.354141e+01 0.000000e+00 1.045761e+02 -2.103472e+01
1.218645e+02 0.000000e+00 1.045761e+02 1.728840e+01
1.288706e+02 0.000000e+00 1.138592e+02 1.501136e+01
1.010739e+02 0.000000e+00 1.138592e+02 -1.278529e+01
3.454622e+02 3.042944e+02 3.042944e+02 3.454622e+02
2.573889e+02 3.042944e+02 3.042944e+02 2.573889e+02
1.174135e+02 0.000000e+00 1.107584e+02 6.655069e+00
1.038433e+02 0.000000e+00 1.107584e+02 -6.915096e+00
6.745489e+01 0.000000e+00 7.995559e+01 -1.250071e+01
9.394398e+01 0.000000e+00 7.995559e+01 1.398839e+01
2.417187e+02 0.000000e+00 2.484151e+02 -6.696455e+00
2.575662e+02 0.000000e+00 2.484151e+02 9.151038e+00
1.040524e+02 0.000000e+00 8.517705e+01 1.887537e+01
6.711449e+01 0.000000e+00 8.517705e+01 -1.806256e+01
1.836922e+02 0.000000e+00 1.588644e+02 2.482779e+01
1.411709e+02 0.000000e+00 1.588644e+02 -1.769348e+01
8.455568e+01 0.000000e+00 3.983783e+01 4.471785e+01
-1.114454e+01 0.000000e+00 3.983783e+01 -5.098237e+01
1.834550e+02 0.000000e+00 1.224103e+02 6.104475e+01
9.282103e+01 0.000000e+00 1.224103e+02 -2.958926e+01
7.507145e+01 0.000000e+00 8.390413e+01 -8.832680e+00
9.387364e+01 0.000000e+00 8.390413e+01 9.969511e+00
2.209689e+02 0.000000e+00 1.829053e+02 3.806362e+01
1.485137e+02 0.000000e+00 1.829053e+02 -3.439154e+01
1.467882e+02 0.000000e+00 1.049951e+02 4.179313e+01
6.838900e+01 0.000000e+00 1.049951e+02 -3.660606e+01
1.109173e+02 0.000000e+00 1.240208e+02 -1.310347e+01
1.403644e+02 0.000000e+00 1.240208e+02 1.634358e+01
1.092338e+02 0.000000e+00 1.051755e+02 4.058263e+00
1.006174e+02 0.000000e+00 1.051755e+02 -4.558090e+00
3.927593e+01 0.000000e+00 3.780991e+01 1.466017e+00
3.574707e+01 0.000000e+00 3.780991e+01 -2.062845e+00
1.116739e+02 0.000000e+00 8.351097e+01 2.816296e+01
5.530714e+01 0.000000e+00 8.351097e+01 -2.820383e+01
