1.342292e+02 0.000000e+00 9.699071e+01 3.723846e+01
5.781780e+01 0.000000e+00 9.699071e+01 -3.917290e+01
2.584253e+02 0.000000e+00 1.901488e+02 6.827649e+01
1.264866e+02 0.000000e+00 1.901488e+02 -6.366219e+01
5.369865e+02 0.000000e+00 5.034301e+02 3.355646e+01
4.687430e+02 0.000000e+00 5.034301e+02 -3.468701e+01
4.633494e+02 0.000000e+00 3.902909e+02 7.305850e+01
2.814990e+02 0.000000e+00 3.902909e+02 -1.087919e+02
2.645898e+02 0.000000e+00 2.614656e+02 3.124237e+00
2.579357e+02 0.000000e+00 2.614656e+02 -3.529907e+00
1.434879e+02 0.000000e+00 1.698565e+02 -2.636852e+01
1.969336e+02 0.000000e+00 1.698565e+02 2.707715e+01
5.633459e+01 0.000000e+00 4.754205e+01 8.792538e+00
3.965424e+01 0.000000e+00 4.754205e+01 -7.887806e+00
1.309865e+02 0.000000e+00 2.213906e+02 -9.040411e+01
3.553315e+02 0.000000e+00 2.213906e+02 1.339409e+02
2.718656e+02 0.000000e+00 2.891230e+02 -1.725742e+01
3.062716e+02 0.000000e+00 2.891230e+02 1.714853e+01
5.359267e+01 0.000000e+00 9.445502e+01 -4.086235e+01
1.284730e+02 0.000000e+00 9.445502e+01 3.401794e+01
1.911658e+02 0.000000e+00 2.155874e+02 -2.442163e+01
2.406503e+02 0.000000e+00 2.155874e+02 2.506285e+01
2.288710e+02 0.000000e+00 2.096698e+02 1.920119e+01
1.895074e+02 0.000000e+00 2.096698e+02 -2.016237e+01
1.410126e+02 0.000000e+00 1.419789e+02 -9.663544e-01
1.431280e+02 0.000000e+00 1.419789e+02 1.149017e+00
3.005811e+02 0.000000e+00 2.610209e+02 3.956024e+01
2.274478e+02 0.000000e+00 2.610209e+02 -3.357315e+01
6.200453e+02 0.000000e+00 6.266207e+02 -6.575378e+00
6.360219e+02 0.000000e+00 6.266207e+02 9.401184e+00
2.562700e+02 0.000000e+00 1.746175e+02 8.165251e+01
9.396039e+01 0.000000e+00 1.746175e+02 -8.065712e+01
1.199191e+02 0.000000e+00 7.701549e+01 4.290359e+01
3.964922e+01 0.000000e+00 7.701549e+01 -3.736626e+01
9.131625e+01 0.000000e+00 3.455225e+01 5.676399e+01
-4.737892e+01 0.000000e+00 3.455225e+01 -8.193118e+01
3.698018e+02 0.000000e+00 2.486459e+02 1.211558e+02
1.821207e+02 0.000000e+00 2.486459e+02 -6.652519e+01
1.817496e+02 0.000000e+00 1.711194e+02 1.063020e+01
1.603276e+02 0.000000e+00 1.711194e+02 -1.079175e+01
7.895938e+02 7.503701e+02 7.503701e+02 7.895938e+02
7.110394e+02 7.503701e+02 7.503701e+02 7.110394e+02
2.293864e+02 0.000000e+00 2.267801e+02 2.606354e+00
2.242340e+02 0.000000e+00 2.267801e+02 -2.546051e+00
1.022203e+02 0.000000e+00 1.296876e+02 -2.746736e+01
1.713458e+02 0.000000e+00 1.296876e+02 4.165817e+01
1.112430e+02 0.000000e+00 9.440112e+01 1.684183e+01
7.379697e+01 0.000000e+00 9.440112e+01 -2.060415e+01
1.281763e+02 0.000000e+00 2.028027e+02 -7.462640e+01
2.800095e+02 0.000000e+00 2.028027e+02 7.720686e+01
2.621035e+02 0.000000e+00 1.924144e+02 6.968907e+01
1.229998e+02 0.000000e+00 1.924144e+02 -6.941467e+01
