1.153112e+02 0.000000e+00 1.128816e+02 2.429574e+00
1.110682e+02 0.000000e+00 1.128816e+02 -1.813342e+00
2.176835e+02 0.000000e+00 1.469270e+02 7.075650e+01
7.877578e+01 0.000000e+00 1.469270e+02 -6.815125e+01
4.167487e+01 0.000000e+00 4.897081e+01 -7.295931e+00
5.556732e+01 0.000000e+00 4.897081e+01 6.596512e+00
2.059625e+02 0.000000e+00 1.524551e+02 5.350738e+01
8.605942e+01 0.000000e+00 1.524551e+02 -6.639573e+01
1.885200e+02 0.000000e+00 1.562467e+02 3.227330e+01
1.143997e+02 0.000000e+00 1.562467e+02 -4.184695e+01
1.419797e+02 0.000000e+00 1.272686e+02 1.471107e+01
1.116541e+02 0.000000e+00 1.272686e+02 -1.561449e+01
1.276704e+02 0.000000e+00 1.454434e+02 -1.777296e+01
1.643954e+02 0.000000e+00 1.454434e+02 1.895200e+01
1.081970e+02 0.000000e+00 1.183113e+02 -1.011426e+01
1.438226e+02 0.000000e+00 1.183113e+02 2.551126e+01
2.710614e+02 2.697204e+02 2.697204e+02 2.710614e+02
2.693554e+02 2.697204e+02 2.697204e+02 2.693554e+02
9.140558e+01 0.000000e+00 1.114989e+02 -2.009329e+01
1.281254e+02 0.000000e+00 1.114989e+02 1.662653e+01
1.224828e+02 0.000000e+00 1.110787e+02 1.140406e+01
1.018682e+02 0.000000e+00 1.110787e+02 -9.210463e+00
2.252174e+02 0.000000e+00 2.016947e+02 2.352271e+01
1.781255e+02 0.000000e+00 2.016947e+02 -2.356915e+01
1.270974e+02 0.000000e+00 1.235920e+02 3.505396e+00
1.196744e+02 0.000000e+00 1.235920e+02 -3.917578e+00
1.115344e+02 0.000000e+00 1.200569e+02 -8.522489e+00
1.295311e+02 0.000000e+00 1.200569e+02 9.474232e+00
2.885788e+02 0.000000e+00 2.966927e+02 -8.113974e+00
3.074508e+02 0.000000e+00 2.966927e+02 1.075811e+01
1.301210e+02 0.000000e+00 1.119381e+02 1.818290e+01
9.484177e+01 0.000000e+00 1.119381e+02 -1.709633e+01
2.056158e+02 0.000000e+00 1.799421e+02 2.567369e+01
1.608630e+02 0.000000e+00 1.799421e+02 -1.907913e+01
8.509926e+01 0.000000e+00 4.048002e+01 4.461925e+01
-9.893759e+00 0.000000e+00 4.048002e+01 -5.037377e+01
1.931316e+02 0.000000e+00 1.395650e+02 5.356652e+01
1.128144e+02 0.000000e+00 1.395650e+02 -2.675060e+01
7.418413e+01 0.000000e+00 8.606118e+01 -1.187705e+01
9.883454e+01 0.000000e+00 8.606118e+01 1.277336e+01
2.440855e+02 0.000000e+00 2.119706e+02 3.211486e+01
1.835065e+02 0.000000e+00 2.119706e+02 -2.846409e+01
1.477912e+02 0.000000e+00 9.746422e+01 5.032695e+01
5.370589e+01 0.000000e+00 9.746422e+01 -4.375833e+01
1.255751e+02 0.000000e+00 1.333027e+02 -7.727593e+00
1.433493e+02 0.000000e+00 1.333027e+02 1.004659e+01
1.283448e+02 0.000000e+00 1.217891e+02 6.555707e+00
1.150412e+02 0.000000e+00 1.217891e+02 -6.747898e+00
4.362186e+01 0.000000e+00 4.362719e+01 -5.330877e-03
4.365277e+01 0.000000e+00 4.362719e+01 2.557310e-02
1.225077e+02 0.000000e+00 9.991704e+01 2.259070e+01
7.843143e+01 0.000000e+00 9.991704e+01 -2.148561e+01
