1.197860e+02 0.000000e+00 1.128811e+02 6.904936e+00
1.064303e+02 0.000000e+00 1.128811e+02 -6.450759e+00
2.021852e+02 0.000000e+00 1.278035e+02 7.438167e+01
5.560695e+01 0.000000e+00 1.278035e+02 -7.219655e+01
2.352207e+01 0.000000e+00 2.607946e+01 -2.557390e+00
2.846455e+01 0.000000e+00 2.607946e+01 2.385091e+00
1.899349e+02 0.000000e+00 1.493830e+02 4.055190e+01
9.780718e+01 0.000000e+00 1.493830e+02 -5.157586e+01
1.939012e+02 0.000000e+00 1.531232e+02 4.077803e+01
1.003772e+02 0.000000e+00 1.531232e+02 -5.274595e+01
1.244707e+02 0.000000e+00 1.087810e+02 1.568965e+01
9.140351e+01 0.000000e+00 1.087810e+02 -1.737753e+01
2.553761e+02 2.727645e+02 2.727645e+02 2.553761e+02
2.912116e+02 2.727645e+02 2.727645e+02 2.912116e+02
1.058909e+02 0.000000e+00 1.163803e+02 -1.048938e+01
1.472851e+02 0.000000e+00 1.163803e+02 3.090479e+01
1.081471e+02 0.000000e+00 1.194989e+02 -1.135174e+01
1.313191e+02 0.000000e+00 1.194989e+02 1.182027e+01
7.266621e+01 0.000000e+00 9.904369e+01 -2.637748e+01
1.203322e+02 0.000000e+00 9.904369e+01 2.128851e+01
1.145708e+02 0.000000e+00 1.014219e+02 1.314885e+01
9.012650e+01 0.000000e+00 1.014219e+02 -1.129543e+01
2.251343e+02 0.000000e+00 1.915424e+02 3.359188e+01
1.508030e+02 0.000000e+00 1.915424e+02 -4.073943e+01
1.128068e+02 0.000000e+00 1.028071e+02 9.999771e+00
9.205640e+01 0.000000e+00 1.028071e+02 -1.075067e+01
9.040633e+01 0.000000e+00 9.805977e+01 -7.653435e+00
1.064878e+02 0.000000e+00 9.805977e+01 8.428078e+00
2.551697e+02 0.000000e+00 2.628292e+02 -7.659436e+00
2.726276e+02 0.000000e+00 2.628292e+02 9.798480e+00
1.237548e+02 0.000000e+00 1.041315e+02 1.962322e+01
8.558688e+01 0.000000e+00 1.041315e+02 -1.854465e+01
1.967482e+02 0.000000e+00 1.636059e+02 3.314228e+01
1.378449e+02 0.000000e+00 1.636059e+02 -2.576098e+01
5.434858e+01 0.000000e+00 1.637764e+01 3.797094e+01
-2.755287e+01 0.000000e+00 1.637764e+01 -4.393051e+01
1.593238e+02 0.000000e+00 1.122033e+02 4.712049e+01
8.647030e+01 0.000000e+00 1.122033e+02 -2.573297e+01
6.006374e+01 0.000000e+00 7.590916e+01 -1.584542e+01
9.302196e+01 0.000000e+00 7.590916e+01 1.711279e+01
2.192236e+02 0.000000e+00 1.955948e+02 2.362878e+01
1.743225e+02 0.000000e+00 1.955948e+02 -2.127226e+01
1.357526e+02 0.000000e+00 9.152047e+01 4.423216e+01
5.354151e+01 0.000000e+00 9.152047e+01 -3.797896e+01
1.289389e+02 0.000000e+00 1.341400e+02 -5.201075e+00
1.419947e+02 0.000000e+00 1.341400e+02 7.854699e+00
1.080419e+02 0.000000e+00 9.762681e+01 1.041513e+01
8.680933e+01 0.000000e+00 9.762681e+01 -1.081748e+01
3.105470e+01 0.000000e+00 3.661269e+01 -5.557988e+00
4.385262e+01 0.000000e+00 3.661269e+01 7.239934e+00
1.028152e+02 0.000000e+00 8.131409e+01 2.150109e+01
6.073791e+01 0.000000e+00 8.131409e+01 -2.057618e+01
