2.723496e+02 0.000000e+00 2.234619e+02 4.888777e+01
1.779966e+02 0.000000e+00 2.234619e+02 -4.546532e+01
3.642122e+02 0.000000e+00 2.939579e+02 7.025427e+01
2.152122e+02 0.000000e+00 2.939579e+02 -7.874579e+01
-5.748143e+01 0.000000e+00 9.876525e+00 -6.735795e+01
7.580269e+01 0.000000e+00 9.876525e+00 6.592616e+01
1.625601e+02 0.000000e+00 6.146481e+01 1.010953e+02
-6.360311e+01 0.000000e+00 6.146481e+01 -1.250679e+02
2.429131e+02 0.000000e+00 2.368301e+02 6.082993e+00
2.287129e+02 0.000000e+00 2.368301e+02 -8.117142e+00
9.386526e+01 0.000000e+00 1.107124e+02 -1.684710e+01
1.287867e+02 0.000000e+00 1.107124e+02 1.807429e+01
4.570258e+01 0.000000e+00 7.361636e+01 -2.791377e+01
1.055582e+02 0.000000e+00 7.361636e+01 3.194181e+01
1.609574e+02 0.000000e+00 1.471763e+02 1.378105e+01
1.345944e+02 0.000000e+00 1.471763e+02 -1.258191e+01
8.701366e+01 0.000000e+00 2.886388e+01 5.814977e+01
-2.625149e+01 0.000000e+00 2.886388e+01 -5.511537e+01
7.898645e+01 0.000000e+00 8.757365e+01 -8.587196e+00
9.303736e+01 0.000000e+00 8.757365e+01 5.463715e+00
3.749508e+02 0.000000e+00 2.885588e+02 8.639194e+01
2.125529e+02 0.000000e+00 2.885588e+02 -7.600598e+01
-1.101312e+02 0.000000e+00 -9.594762e+01 -1.418355e+01
-7.727563e+01 0.000000e+00 -9.594762e+01 1.867199e+01
2.959150e+02 0.000000e+00 2.952625e+02 6.525574e-01
2.946191e+02 0.000000e+00 2.952625e+02 -6.433716e-01
2.512331e+02 0.000000e+00 2.666530e+02 -1.541991e+01
2.851606e+02 0.000000e+00 2.666530e+02 1.850757e+01
9.111578e+02 1.002407e+03 1.002407e+03 9.111578e+02
1.097281e+03 1.002407e+03 1.002407e+03 1.097281e+03
3.444153e+01 0.000000e+00 2.869620e+01 5.745333e+00
2.196665e+01 0.000000e+00 2.869620e+01 -6.729544e+00
1.993925e+02 0.000000e+00 1.994568e+02 -6.430054e-02
1.995179e+02 0.000000e+00 1.994568e+02 6.112671e-02
1.612994e+02 0.000000e+00 8.110612e+01 8.019327e+01
5.445807e+00 0.000000e+00 8.110612e+01 -7.566032e+01
2.647267e+02 0.000000e+00 1.546834e+02 1.100433e+02
9.958060e+01 0.000000e+00 1.546834e+02 -5.510281e+01
-4.703205e+01 0.000000e+00 1.684645e+01 -6.387851e+01
8.864975e+01 0.000000e+00 1.684645e+01 7.180330e+01
2.779303e+02 0.000000e+00 2.243235e+02 5.360681e+01
1.703608e+02 0.000000e+00 2.243235e+02 -5.396269e+01
4.002197e+01 0.000000e+00 -3.488920e+01 7.491117e+01
-8.393987e+01 0.000000e+00 -3.488920e+01 -4.905066e+01
7.141714e+01 0.000000e+00 1.292040e+02 -5.778684e+01
2.052184e+02 0.000000e+00 1.292040e+02 7.601447e+01
-5.058607e+01 0.000000e+00 -5.741019e+01 6.824120e+00
-6.430720e+01 0.000000e+00 -5.741019e+01 -6.897003e+00
5.022235e+00 0.000000e+00 -8.095860e+00 1.311810e+01
-2.366601e+01 0.000000e+00 -8.095860e+00 -1.557015e+01
3.574159e+01 0.000000e+00 1.967218e+01 1.606941e+01
-9.619904e-01 0.000000e+00 1.967218e+01 -2.063417e+01
