1.960708e+02 0.000000e+00 1.985283e+02 -2.457504e+00
2.019340e+02 0.000000e+00 1.985283e+02 3.405731e+00
2.360407e+01 0.000000e+00 4.421869e+01 -2.061462e+01
5.853860e+01 0.000000e+00 4.421869e+01 1.431992e+01
1.747650e+01 0.000000e+00 1.434069e+01 3.135810e+00
1.093524e+01 0.000000e+00 1.434069e+01 -3.405449e+00
5.373460e+01 0.000000e+00 1.999646e+01 3.373814e+01
-2.204411e+01 0.000000e+00 1.999646e+01 -4.204058e+01
2.252519e+01 0.000000e+00 1.340690e+00 2.118450e+01
-2.550961e+01 0.000000e+00 1.340690e+00 -2.685030e+01
8.309790e+02 6.881859e+02 6.881859e+02 8.309790e+02
5.510055e+02 6.881859e+02 6.881859e+02 5.510055e+02
6.577106e+01 0.000000e+00 1.080659e+02 -4.229483e+01
1.533355e+02 0.000000e+00 1.080659e+02 4.526965e+01
9.014890e-01 0.000000e+00 -2.332739e+01 2.422888e+01
-4.823475e+01 0.000000e+00 -2.332739e+01 -2.490737e+01
2.120739e+02 0.000000e+00 2.585451e+02 -4.647116e+01
3.104988e+02 0.000000e+00 2.585451e+02 5.195374e+01
1.085133e+02 0.000000e+00 2.847237e+01 8.004091e+01
-4.264257e+01 0.000000e+00 2.847237e+01 -7.111494e+01
-3.431921e+01 0.000000e+00 -6.187076e+01 2.755155e+01
-1.015866e+02 0.000000e+00 -6.187076e+01 -3.971585e+01
1.246603e+02 0.000000e+00 1.272108e+02 -2.550568e+00
1.305600e+02 0.000000e+00 1.272108e+02 3.349197e+00
3.455570e+01 0.000000e+00 4.525436e+01 -1.069865e+01
5.502214e+01 0.000000e+00 4.525436e+01 9.767784e+00
2.610433e+02 0.000000e+00 2.773443e+02 -1.630106e+01
2.964190e+02 0.000000e+00 2.773443e+02 1.907465e+01
-1.426303e+02 0.000000e+00 -7.838664e+01 -6.424364e+01
6.577538e+00 0.000000e+00 -7.838664e+01 8.496418e+01
9.918953e+00 0.000000e+00 2.178179e+01 -1.186284e+01
3.747041e+01 0.000000e+00 2.178179e+01 1.568862e+01
2.155607e+02 0.000000e+00 9.942500e+01 1.161357e+02
-3.991586e+01 0.000000e+00 9.942500e+01 -1.393409e+02
-1.417460e+02 0.000000e+00 -1.919829e+02 5.023697e+01
-2.661771e+02 0.000000e+00 -1.919829e+02 -7.419418e+01
2.509760e+01 0.000000e+00 3.688554e+01 -1.178795e+01
4.051758e+01 0.000000e+00 3.688554e+01 3.632034e+00
5.938971e+01 0.000000e+00 5.274780e+01 6.641903e+00
4.717580e+01 0.000000e+00 5.274780e+01 -5.572002e+00
1.651818e+02 0.000000e+00 1.847158e+02 -1.953395e+01
2.048470e+02 0.000000e+00 1.847158e+02 2.013120e+01
1.102711e+02 0.000000e+00 6.210455e+01 4.816658e+01
1.655230e+01 0.000000e+00 6.210455e+01 -4.555225e+01
-1.612971e+01 0.000000e+00 5.100864e+00 -2.123058e+01
2.413203e+01 0.000000e+00 5.100864e+00 1.903117e+01
8.169920e+01 0.000000e+00 4.687674e+01 3.482246e+01
9.318508e+00 0.000000e+00 4.687674e+01 -3.755823e+01
-1.147146e+02 0.000000e+00 -7.497160e+01 -3.974297e+01
-2.903970e+01 0.000000e+00 -7.497160e+01 4.593190e+01
9.579735e+01 0.000000e+00 9.801419e+01 -2.216843e+00
1.003122e+02 0.000000e+00 9.801419e+01 2.297997e+00
