1.150156e+01 0.000000e+00 5.826607e+01 -4.676451e+01
1.114444e+02 0.000000e+00 5.826607e+01 5.317834e+01
6.807004e+02 6.295994e+02 6.295994e+02 6.807004e+02
5.713689e+02 6.295994e+02 6.295994e+02 5.713689e+02
8.586238e+01 0.000000e+00 9.664326e+01 -1.078088e+01
1.061486e+02 0.000000e+00 9.664326e+01 9.505379e+00
9.531410e+01 0.000000e+00 2.777357e+01 6.754054e+01
-5.539370e+01 0.000000e+00 2.777357e+01 -8.316727e+01
1.403681e+02 0.000000e+00 1.638659e+02 -2.349779e+01
1.902953e+02 0.000000e+00 1.638659e+02 2.642947e+01
1.806509e+02 0.000000e+00 1.165805e+02 6.407044e+01
3.054873e+01 0.000000e+00 1.165805e+02 -8.603174e+01
-1.223347e+02 0.000000e+00 -3.093631e+01 -9.139838e+01
6.651442e+01 0.000000e+00 -3.093631e+01 9.745073e+01
2.384449e+02 0.000000e+00 2.996347e+02 -6.118976e+01
3.598637e+02 0.000000e+00 2.996347e+02 6.022903e+01
1.404748e+02 0.000000e+00 1.035662e+02 3.690858e+01
6.620166e+01 0.000000e+00 1.035662e+02 -3.736454e+01
1.645107e+01 0.000000e+00 3.230671e+01 -1.585564e+01
5.256915e+01 0.000000e+00 3.230671e+01 2.026244e+01
1.923013e+02 0.000000e+00 2.072926e+02 -1.499130e+01
2.162399e+02 0.000000e+00 2.072926e+02 8.947311e+00
3.337553e+02 0.000000e+00 2.645650e+02 6.919031e+01
2.112146e+02 0.000000e+00 2.645650e+02 -5.335040e+01
3.502356e+01 0.000000e+00 3.178956e+01 3.234001e+00
2.904882e+01 0.000000e+00 3.178956e+01 -2.740742e+00
2.086656e+02 0.000000e+00 1.756080e+02 3.305768e+01
1.399391e+02 0.000000e+00 1.756080e+02 -3.566888e+01
1.231224e+01 0.000000e+00 4.590280e+00 7.721961e+00
-2.592483e+00 0.000000e+00 4.590280e+00 -7.182763e+00
1.317767e+02 0.000000e+00 1.189827e+02 1.279399e+01
1.080419e+02 0.000000e+00 1.189827e+02 -1.094080e+01
3.138597e+02 0.000000e+00 3.047933e+02 9.066467e+00
2.951349e+02 0.000000e+00 3.047933e+02 -9.658386e+00
9.720234e+01 0.000000e+00 3.291358e+01 6.428876e+01
-4.273426e+01 0.000000e+00 3.291358e+01 -7.564784e+01
4.725021e+01 0.000000e+00 6.079237e+01 -1.354216e+01
7.250235e+01 0.000000e+00 6.079237e+01 1.170998e+01
1.631024e+01 0.000000e+00 9.466432e+01 -7.835408e+01
1.673495e+02 0.000000e+00 9.466432e+01 7.268517e+01
3.796872e+02 0.000000e+00 2.060217e+02 1.736656e+02
3.363130e+01 0.000000e+00 2.060217e+02 -1.723904e+02
1.366889e+02 0.000000e+00 5.358213e+01 8.310676e+01
-2.852724e+01 0.000000e+00 5.358213e+01 -8.210937e+01
1.188767e+02 0.000000e+00 8.447457e+01 3.440211e+01
3.995911e+01 0.000000e+00 8.447457e+01 -4.451546e+01
1.574539e+02 0.000000e+00 1.680909e+02 -1.063702e+01
1.785715e+02 0.000000e+00 1.680909e+02 1.048053e+01
8.418010e+01 0.000000e+00 -2.571383e+01 1.098939e+02
-1.614580e+02 0.000000e+00 -2.571383e+01 -1.357442e+02
7.932272e+01 0.000000e+00 1.394027e+01 6.538245e+01
-6.039066e+01 0.000000e+00 1.394027e+01 -7.433093e+01
