8.624282e+01 0.000000e+00 8.523872e+01 1.004097e+00
8.418069e+01 0.000000e+00 8.523872e+01 -1.058030e+00
1.688221e+02 0.000000e+00 1.056197e+02 6.320237e+01
4.673382e+01 0.000000e+00 1.056197e+02 -5.888590e+01
2.193616e+01 0.000000e+00 2.269354e+01 -7.573830e-01
2.324316e+01 0.000000e+00 2.269354e+01 5.496225e-01
1.594616e+02 0.000000e+00 1.236907e+02 3.577086e+01
8.076712e+01 0.000000e+00 1.236907e+02 -4.292360e+01
1.527672e+02 0.000000e+00 1.326904e+02 2.007682e+01
1.058335e+02 0.000000e+00 1.326904e+02 -2.685686e+01
6.583305e+01 0.000000e+00 6.574126e+01 9.178786e-02
6.596268e+01 0.000000e+00 6.574126e+01 2.214151e-01
9.369954e+01 0.000000e+00 1.074944e+02 -1.379485e+01
1.215188e+02 0.000000e+00 1.074944e+02 1.402441e+01
8.309672e+01 0.000000e+00 8.801720e+01 -4.920482e+00
1.060332e+02 0.000000e+00 8.801720e+01 1.801595e+01
1.009227e+02 0.000000e+00 1.048206e+02 -3.897952e+00
1.089912e+02 0.000000e+00 1.048206e+02 4.170608e+00
5.172084e+01 0.000000e+00 8.755494e+01 -3.583410e+01
1.167341e+02 0.000000e+00 8.755494e+01 2.917917e+01
1.091969e+02 0.000000e+00 9.559039e+01 1.360654e+01
8.488799e+01 0.000000e+00 9.559039e+01 -1.070240e+01
1.580923e+02 0.000000e+00 1.427914e+02 1.530081e+01
1.262512e+02 0.000000e+00 1.427914e+02 -1.654028e+01
8.446289e+01 0.000000e+00 8.426698e+01 1.959116e-01
8.423837e+01 0.000000e+00 8.426698e+01 -2.861052e-02
3.710389e+01 0.000000e+00 4.456278e+01 -7.458888e+00
5.203999e+01 0.000000e+00 4.456278e+01 7.477217e+00
2.349369e+02 0.000000e+00 2.408617e+02 -5.924804e+00
2.483975e+02 0.000000e+00 2.408617e+02 7.535768e+00
9.770812e+01 0.000000e+00 7.246180e+01 2.524632e+01
4.913739e+01 0.000000e+00 7.246180e+01 -2.332441e+01
1.672542e+02 0.000000e+00 1.430467e+02 2.420755e+01
1.249864e+02 0.000000e+00 1.430467e+02 -1.806026e+01
3.607197e+01 0.000000e+00 1.231547e+00 3.484042e+01
-3.919001e+01 0.000000e+00 1.231547e+00 -4.042156e+01
1.745490e+02 0.000000e+00 1.055328e+02 6.901618e+01
7.155281e+01 0.000000e+00 1.055328e+02 -3.397996e+01
6.191496e+01 0.000000e+00 6.629071e+01 -4.375752e+00
7.150271e+01 0.000000e+00 6.629071e+01 5.212002e+00
3.407080e+02 3.030579e+02 3.030579e+02 3.407080e+02
2.713374e+02 3.030579e+02 3.030579e+02 2.713374e+02
9.697098e+01 0.000000e+00 6.108183e+01 3.588915e+01
2.889462e+01 0.000000e+00 6.108183e+01 -3.218722e+01
8.174327e+01 0.000000e+00 1.006990e+02 -1.895569e+01
1.235476e+02 0.000000e+00 1.006990e+02 2.284860e+01
8.158176e+01 0.000000e+00 8.068112e+01 9.006444e-01
7.951702e+01 0.000000e+00 8.068112e+01 -1.164100e+00
2.278960e+01 0.000000e+00 2.290140e+01 -1.118011e-01
2.252330e+01 0.000000e+00 2.290140e+01 -3.781039e-01
8.224742e+01 0.000000e+00 5.987641e+01 2.237101e+01
3.656215e+01 0.000000e+00 5.987641e+01 -2.331426e+01
