5.075277e+01 0.000000e+00 7.723540e+01 -2.648264e+01
1.030296e+02 0.000000e+00 7.723540e+01 2.579423e+01
1.919653e+02 0.000000e+00 1.384603e+02 5.350499e+01
1.055517e+02 0.000000e+00 1.384603e+02 -3.290857e+01
2.908415e+02 0.000000e+00 2.253452e+02 6.549631e+01
1.762893e+02 0.000000e+00 2.253452e+02 -4.905588e+01
8.059835e+02 0.000000e+00 6.846493e+02 1.213342e+02
4.607603e+02 0.000000e+00 6.846493e+02 -2.238890e+02
1.047684e+02 0.000000e+00 1.281307e+02 -2.336232e+01
1.525528e+02 0.000000e+00 1.281307e+02 2.442215e+01
2.885930e+02 0.000000e+00 3.004888e+02 -1.189578e+01
3.134048e+02 0.000000e+00 3.004888e+02 1.291599e+01
2.473923e+02 0.000000e+00 2.553543e+02 -7.962067e+00
2.633867e+02 0.000000e+00 2.553543e+02 8.032410e+00
3.752228e+02 4.567674e+02 4.567674e+02 3.752228e+02
5.661414e+02 4.567674e+02 4.567674e+02 5.661414e+02
2.279642e+02 0.000000e+00 2.245829e+02 3.381302e+00
2.212596e+02 0.000000e+00 2.245829e+02 -3.323380e+00
2.443831e+02 0.000000e+00 2.792864e+02 -3.490323e+01
3.037236e+02 0.000000e+00 2.792864e+02 2.443719e+01
2.481048e+02 0.000000e+00 1.649453e+02 8.315947e+01
1.103509e+02 0.000000e+00 1.649453e+02 -5.459441e+01
1.806495e+02 0.000000e+00 2.274412e+02 -4.679164e+01
2.889218e+02 0.000000e+00 2.274412e+02 6.148067e+01
2.327039e+02 0.000000e+00 2.430918e+02 -1.038782e+01
2.527096e+02 0.000000e+00 2.430918e+02 9.617859e+00
8.362235e+01 0.000000e+00 1.406735e+02 -5.705117e+01
2.025898e+02 0.000000e+00 1.406735e+02 6.191629e+01
6.411962e+02 0.000000e+00 5.871505e+02 5.404578e+01
5.138098e+02 0.000000e+00 5.871505e+02 -7.334064e+01
9.859676e+01 0.000000e+00 1.010919e+02 -2.495117e+00
1.036582e+02 0.000000e+00 1.010919e+02 2.566277e+00
1.257348e+02 0.000000e+00 1.350280e+02 -9.293221e+00
1.448768e+02 0.000000e+00 1.350280e+02 9.848709e+00
3.010581e+02 0.000000e+00 2.187778e+02 8.228032e+01
1.072492e+02 0.000000e+00 2.187778e+02 -1.115286e+02
6.550612e+02 0.000000e+00 3.590174e+02 2.960438e+02
2.967530e+02 0.000000e+00 3.590174e+02 -6.226434e+01
1.339664e+02 0.000000e+00 1.374485e+02 -3.482071e+00
1.412292e+02 0.000000e+00 1.374485e+02 3.780731e+00
4.045960e+02 0.000000e+00 4.891494e+02 -8.455338e+01
5.594005e+02 0.000000e+00 4.891494e+02 7.025113e+01
2.734935e+02 0.000000e+00 1.863149e+02 8.717854e+01
1.269487e+02 0.000000e+00 1.863149e+02 -5.936626e+01
1.275092e+02 0.000000e+00 1.317030e+02 -4.193878e+00
1.371853e+02 0.000000e+00 1.317030e+02 5.482254e+00
9.968385e+01 0.000000e+00 8.225885e+01 1.742500e+01
6.549356e+01 0.000000e+00 8.225885e+01 -1.676529e+01
2.391005e+02 0.000000e+00 3.147674e+02 -7.566682e+01
3.921833e+02 0.000000e+00 3.147674e+02 7.741599e+01
7.125300e+01 0.000000e+00 1.440741e+02 -7.282114e+01
2.413521e+02 0.000000e+00 1.440741e+02 9.727797e+01
