1.061278e+02 0.000000e+00 1.243852e+02 -1.825737e+01
1.449839e+02 0.000000e+00 1.243852e+02 2.059872e+01
1.612878e+02 0.000000e+00 9.514474e+01 6.614310e+01
5.132487e+01 0.000000e+00 9.514474e+01 -4.381986e+01
1.846480e+02 0.000000e+00 2.745071e+02 -8.985915e+01
3.459263e+02 0.000000e+00 2.745071e+02 7.141916e+01
7.311836e+02 0.000000e+00 5.827632e+02 1.484203e+02
3.512656e+02 0.000000e+00 5.827632e+02 -2.314976e+02
2.176676e+02 0.000000e+00 1.880952e+02 2.957243e+01
1.579781e+02 0.000000e+00 1.880952e+02 -3.011700e+01
3.796046e+02 0.000000e+00 3.091205e+02 7.048410e+01
2.700553e+02 0.000000e+00 3.091205e+02 -3.906516e+01
1.641153e+02 0.000000e+00 2.077713e+02 -4.365593e+01
2.598319e+02 0.000000e+00 2.077713e+02 5.206062e+01
3.594404e+02 0.000000e+00 2.686465e+02 9.079388e+01
1.742784e+02 0.000000e+00 2.686465e+02 -9.436807e+01
2.493443e+02 0.000000e+00 2.810112e+02 -3.166692e+01
3.048314e+02 0.000000e+00 2.810112e+02 2.382013e+01
3.945530e+02 4.437375e+02 4.437375e+02 3.945530e+02
4.821336e+02 4.437375e+02 4.437375e+02 4.821336e+02
1.372743e+02 0.000000e+00 1.478944e+02 -1.062010e+01
1.574589e+02 0.000000e+00 1.478944e+02 9.564468e+00
3.443453e+02 0.000000e+00 3.532758e+02 -8.930481e+00
3.688561e+02 0.000000e+00 3.532758e+02 1.558035e+01
2.800647e+02 0.000000e+00 2.553418e+02 2.472290e+01
2.329834e+02 0.000000e+00 2.553418e+02 -2.235838e+01
1.017359e+02 0.000000e+00 1.106221e+02 -8.886177e+00
1.223273e+02 0.000000e+00 1.106221e+02 1.170522e+01
7.012532e+02 0.000000e+00 6.574438e+02 4.380933e+01
5.992614e+02 0.000000e+00 6.574438e+02 -5.818243e+01
2.879068e+02 0.000000e+00 3.074766e+02 -1.956976e+01
3.304093e+02 0.000000e+00 3.074766e+02 2.293271e+01
4.987024e+02 0.000000e+00 4.428150e+02 5.588739e+01
3.976956e+02 0.000000e+00 4.428150e+02 -4.511942e+01
6.036018e+02 0.000000e+00 4.199415e+02 1.836603e+02
2.481453e+02 0.000000e+00 4.199415e+02 -1.717962e+02
4.874042e+02 0.000000e+00 3.422448e+02 1.451593e+02
3.064694e+02 0.000000e+00 3.422448e+02 -3.577542e+01
6.253237e+01 0.000000e+00 7.286932e+01 -1.033694e+01
8.230228e+01 0.000000e+00 7.286932e+01 9.432961e+00
3.302914e+02 0.000000e+00 4.006587e+02 -7.036737e+01
4.539812e+02 0.000000e+00 4.006587e+02 5.332248e+01
2.116324e+02 0.000000e+00 1.004108e+02 1.112216e+02
1.333675e+01 0.000000e+00 1.004108e+02 -8.707403e+01
2.075349e+02 0.000000e+00 1.893586e+02 1.817630e+01
1.674433e+02 0.000000e+00 1.893586e+02 -2.191530e+01
9.411150e+01 0.000000e+00 4.899729e+01 4.511421e+01
-3.982239e-01 0.000000e+00 4.899729e+01 -4.939551e+01
2.165843e+02 0.000000e+00 3.038779e+02 -8.729353e+01
4.205387e+02 0.000000e+00 3.038779e+02 1.166609e+02
9.559233e+01 0.000000e+00 1.362154e+02 -4.062306e+01
1.929543e+02 0.000000e+00 1.362154e+02 5.673891e+01
