1.489060e+02 0.000000e+00 1.161083e+02 3.279770e+01
7.818260e+01 0.000000e+00 1.161083e+02 -3.792572e+01
1.775651e+02 0.000000e+00 1.885865e+02 -1.102139e+01
1.978286e+02 0.000000e+00 1.885865e+02 9.242126e+00
1.926476e+01 0.000000e+00 5.201735e+01 -3.275259e+01
8.707938e+01 0.000000e+00 5.201735e+01 3.506202e+01
2.295632e+02 0.000000e+00 2.071413e+02 2.242183e+01
1.640447e+02 0.000000e+00 2.071413e+02 -4.309663e+01
5.060442e+02 0.000000e+00 4.478406e+02 5.820358e+01
3.568727e+02 0.000000e+00 4.478406e+02 -9.096786e+01
2.277626e+02 0.000000e+00 1.389237e+02 8.883894e+01
5.235222e+01 0.000000e+00 1.389237e+02 -8.657144e+01
2.269537e+02 0.000000e+00 1.869461e+02 4.000761e+01
1.430085e+02 0.000000e+00 1.869461e+02 -4.393755e+01
1.802205e+02 0.000000e+00 2.472426e+02 -6.702216e+01
3.110949e+02 0.000000e+00 2.472426e+02 6.385233e+01
3.494879e+00 0.000000e+00 3.672229e+01 -3.322742e+01
7.513799e+01 0.000000e+00 3.672229e+01 3.841570e+01
1.172666e+01 0.000000e+00 -1.354564e+01 2.527230e+01
-3.814171e+01 0.000000e+00 -1.354564e+01 -2.459608e+01
2.929091e+02 0.000000e+00 2.462695e+02 4.663963e+01
2.043285e+02 0.000000e+00 2.462695e+02 -4.194096e+01
1.127822e+02 0.000000e+00 8.724059e+01 2.554162e+01
6.116499e+01 0.000000e+00 8.724059e+01 -2.607561e+01
7.360339e+01 0.000000e+00 5.018159e+01 2.342179e+01
2.822694e+01 0.000000e+00 5.018159e+01 -2.195465e+01
5.805607e+02 5.943692e+02 5.943692e+02 5.805607e+02
6.095181e+02 5.943692e+02 5.943692e+02 6.095181e+02
9.711001e+01 0.000000e+00 1.983528e+02 -1.012428e+02
2.935928e+02 0.000000e+00 1.983528e+02 9.523999e+01
2.624324e+02 0.000000e+00 2.375593e+02 2.487309e+01
2.116741e+02 0.000000e+00 2.375593e+02 -2.588518e+01
1.506918e+02 0.000000e+00 1.202323e+02 3.045950e+01
8.979659e+01 0.000000e+00 1.202323e+02 -3.043571e+01
-9.371550e+01 0.000000e+00 -4.990190e+01 -4.381360e+01
-3.748775e+00 0.000000e+00 -4.990190e+01 4.615312e+01
2.827675e+02 0.000000e+00 1.402597e+02 1.425078e+02
6.835176e+01 0.000000e+00 1.402597e+02 -7.190797e+01
1.981538e+02 0.000000e+00 1.745397e+02 2.361415e+01
1.505561e+02 0.000000e+00 1.745397e+02 -2.398357e+01
2.450216e+02 0.000000e+00 2.072509e+02 3.777071e+01
1.760882e+02 0.000000e+00 2.072509e+02 -3.116270e+01
1.512659e+02 0.000000e+00 8.940255e+01 6.186335e+01
4.626748e+01 0.000000e+00 8.940255e+01 -4.313507e+01
5.432330e+01 0.000000e+00 1.208276e+02 -6.650426e+01
1.826674e+02 0.000000e+00 1.208276e+02 6.183986e+01
1.535435e+02 0.000000e+00 1.636964e+02 -1.015288e+01
1.716865e+02 0.000000e+00 1.636964e+02 7.990112e+00
1.314635e+01 0.000000e+00 -1.967010e+01 3.281645e+01
-6.012841e+01 0.000000e+00 -1.967010e+01 -4.045832e+01
9.608056e+00 0.000000e+00 3.150615e+01 -2.189809e+01
5.225302e+01 0.000000e+00 3.150615e+01 2.074688e+01
