1.081438e+02 0.000000e+00 9.829138e+01 9.852416e+00
8.815230e+01 0.000000e+00 9.829138e+01 -1.013908e+01
2.142121e+02 0.000000e+00 1.456242e+02 6.858790e+01
8.162793e+01 0.000000e+00 1.456242e+02 -6.399626e+01
4.326489e+01 0.000000e+00 4.567016e+01 -2.405264e+00
4.822841e+01 0.000000e+00 4.567016e+01 2.558249e+00
2.075964e+02 0.000000e+00 1.579852e+02 4.961121e+01
9.701918e+01 0.000000e+00 1.579852e+02 -6.096605e+01
1.823804e+02 0.000000e+00 1.578376e+02 2.454277e+01
1.269315e+02 0.000000e+00 1.578376e+02 -3.090616e+01
1.121814e+02 0.000000e+00 1.048161e+02 7.365282e+00
9.635916e+01 0.000000e+00 1.048161e+02 -8.456918e+00
1.333644e+02 0.000000e+00 1.489314e+02 -1.556700e+01
1.655427e+02 0.000000e+00 1.489314e+02 1.661134e+01
1.216558e+02 0.000000e+00 1.365671e+02 -1.491132e+01
1.705290e+02 0.000000e+00 1.365671e+02 3.396197e+01
1.375533e+02 0.000000e+00 1.345042e+02 3.049097e+00
1.321810e+02 0.000000e+00 1.345042e+02 -2.323246e+00
9.698056e+01 0.000000e+00 1.222869e+02 -2.530633e+01
1.424854e+02 0.000000e+00 1.222869e+02 2.019848e+01
1.225168e+02 0.000000e+00 1.146292e+02 7.887602e+00
1.083102e+02 0.000000e+00 1.146292e+02 -6.318980e+00
2.074081e+02 0.000000e+00 1.840631e+02 2.334496e+01
1.586761e+02 0.000000e+00 1.840631e+02 -2.538708e+01
2.291984e+02 2.305267e+02 2.305267e+02 2.291984e+02
2.318011e+02 2.305267e+02 2.305267e+02 2.318011e+02
9.808394e+01 0.000000e+00 1.082996e+02 -1.021562e+01
1.192445e+02 0.000000e+00 1.082996e+02 1.094492e+01
2.649376e+02 0.000000e+00 2.677324e+02 -2.794797e+00
2.732896e+02 0.000000e+00 2.677324e+02 5.557165e+00
1.304388e+02 0.000000e+00 1.103252e+02 2.011362e+01
9.096482e+01 0.000000e+00 1.103252e+02 -1.936037e+01
2.244197e+02 0.000000e+00 1.895467e+02 3.487308e+01
1.644329e+02 0.000000e+00 1.895467e+02 -2.511380e+01
7.325827e+01 0.000000e+00 3.165546e+01 4.160282e+01
-1.408665e+01 0.000000e+00 3.165546e+01 -4.574211e+01
1.880005e+02 0.000000e+00 1.292796e+02 5.872093e+01
9.876072e+01 0.000000e+00 1.292796e+02 -3.051883e+01
8.244415e+01 0.000000e+00 9.624663e+01 -1.380248e+01
1.119571e+02 0.000000e+00 9.624663e+01 1.571044e+01
2.304752e+02 0.000000e+00 2.068394e+02 2.363579e+01
1.863394e+02 0.000000e+00 2.068394e+02 -2.049993e+01
1.527559e+02 0.000000e+00 1.058774e+02 4.687849e+01
6.509915e+01 0.000000e+00 1.058774e+02 -4.077827e+01
1.124566e+02 0.000000e+00 1.243679e+02 -1.191128e+01
1.390823e+02 0.000000e+00 1.243679e+02 1.471434e+01
9.903206e+01 0.000000e+00 9.964813e+01 -6.160746e-01
9.902277e+01 0.000000e+00 9.964813e+01 -6.253648e-01
4.065095e+01 0.000000e+00 3.627574e+01 4.375211e+00
3.255639e+01 0.000000e+00 3.627574e+01 -3.719345e+00
1.099235e+02 0.000000e+00 9.134324e+01 1.858026e+01
7.377829e+01 0.000000e+00 9.134324e+01 -1.756495e+01
