2.175418e+02 0.000000e+00 2.440395e+02 -2.649774e+01
2.670864e+02 0.000000e+00 2.440395e+02 2.304686e+01
3.250675e+02 0.000000e+00 2.003912e+02 1.246763e+02
8.190472e+01 0.000000e+00 2.003912e+02 -1.184865e+02
9.267932e+01 0.000000e+00 1.105911e+02 -1.791181e+01
1.281252e+02 0.000000e+00 1.105911e+02 1.753410e+01
3.965220e+02 0.000000e+00 3.399732e+02 5.654883e+01
2.902494e+02 0.000000e+00 3.399732e+02 -4.972382e+01
5.523018e+01 0.000000e+00 5.897522e+01 -3.745045e+00
6.244077e+01 0.000000e+00 5.897522e+01 3.465549e+00
6.099252e+02 0.000000e+00 5.649349e+02 4.499036e+01
4.900425e+02 0.000000e+00 5.649349e+02 -7.489233e+01
9.173386e+01 0.000000e+00 8.824652e+01 3.487335e+00
8.464547e+01 0.000000e+00 8.824652e+01 -3.601051e+00
1.541716e+02 0.000000e+00 9.495714e+01 5.921446e+01
5.477240e+00 0.000000e+00 9.495714e+01 -8.947990e+01
8.075123e+02 8.123251e+02 8.123251e+02 8.075123e+02
8.162845e+02 8.123251e+02 8.123251e+02 8.162845e+02
1.553924e+02 0.000000e+00 1.203721e+02 3.502029e+01
9.782187e+01 0.000000e+00 1.203721e+02 -2.255028e+01
2.216487e+02 0.000000e+00 1.847650e+02 3.688367e+01
1.514479e+02 0.000000e+00 1.847650e+02 -3.331712e+01
4.555444e+02 0.000000e+00 3.069588e+02 1.485856e+02
1.413578e+02 0.000000e+00 3.069588e+02 -1.656010e+02
1.821745e+02 0.000000e+00 1.497772e+02 3.239728e+01
1.183162e+02 0.000000e+00 1.497772e+02 -3.146095e+01
1.610180e+02 0.000000e+00 1.875948e+02 -2.657681e+01
2.148038e+02 0.000000e+00 1.875948e+02 2.720895e+01
8.608051e+02 0.000000e+00 9.240830e+02 -6.327795e+01
9.825690e+02 0.000000e+00 9.240830e+02 5.848602e+01
1.484193e+02 0.000000e+00 1.495540e+02 -1.134750e+00
1.511748e+02 0.000000e+00 1.495540e+02 1.620819e+00
3.636967e+02 0.000000e+00 3.520203e+02 1.167633e+01
3.416197e+02 0.000000e+00 3.520203e+02 -1.040063e+01
7.456492e+01 0.000000e+00 3.401648e+01 4.054844e+01
3.081801e+00 0.000000e+00 3.401648e+01 -3.093468e+01
1.814552e+02 0.000000e+00 8.941088e+01 9.204429e+01
4.808139e+01 0.000000e+00 8.941088e+01 -4.132949e+01
8.658019e+01 0.000000e+00 7.834406e+01 8.236137e+00
6.898917e+01 0.000000e+00 7.834406e+01 -9.354889e+00
1.595618e+02 0.000000e+00 9.139665e+01 6.816515e+01
1.933159e+01 0.000000e+00 9.139665e+01 -7.206506e+01
2.003765e+02 0.000000e+00 1.516547e+02 4.872183e+01
1.094414e+02 0.000000e+00 1.516547e+02 -4.221331e+01
1.064147e+02 0.000000e+00 1.177848e+02 -1.137004e+01
1.312585e+02 0.000000e+00 1.177848e+02 1.347375e+01
5.275232e+02 0.000000e+00 4.330583e+02 9.446490e+01
3.084249e+02 0.000000e+00 4.330583e+02 -1.246334e+02
-1.608460e+01 0.000000e+00 3.032386e+01 -4.640845e+01
8.248726e+01 0.000000e+00 3.032386e+01 5.216340e+01
4.119246e+02 0.000000e+00 3.328931e+02 7.903146e+01
2.929480e+02 0.000000e+00 3.328931e+02 -3.994507e+01
