1.372340e+02 0.000000e+00 1.370240e+02 2.100357e-01
1.361981e+02 0.000000e+00 1.370240e+02 -8.258862e-01
2.144416e+02 0.000000e+00 1.424775e+02 7.196412e+01
7.671001e+01 0.000000e+00 1.424775e+02 -6.576749e+01
7.636575e+01 0.000000e+00 8.150610e+01 -5.140349e+00
8.588084e+01 0.000000e+00 8.150610e+01 4.374743e+00
2.640810e+02 0.000000e+00 2.074520e+02 5.662895e+01
1.374810e+02 0.000000e+00 2.074520e+02 -6.997105e+01
2.149295e+02 0.000000e+00 1.789742e+02 3.595532e+01
1.355071e+02 0.000000e+00 1.789742e+02 -4.346706e+01
1.543914e+02 0.000000e+00 1.413830e+02 1.300839e+01
1.281510e+02 0.000000e+00 1.413830e+02 -1.323196e+01
1.573484e+02 0.000000e+00 1.782490e+02 -2.090059e+01
2.011920e+02 0.000000e+00 1.782490e+02 2.294293e+01
1.465804e+02 0.000000e+00 1.578677e+02 -1.128728e+01
1.952538e+02 0.000000e+00 1.578677e+02 3.738608e+01
1.474640e+02 0.000000e+00 1.491745e+02 -1.710501e+00
1.506784e+02 0.000000e+00 1.491745e+02 1.503871e+00
1.190700e+02 0.000000e+00 1.349818e+02 -1.591182e+01
1.474148e+02 0.000000e+00 1.349818e+02 1.243308e+01
1.313170e+02 0.000000e+00 1.176105e+02 1.370655e+01
1.074326e+02 0.000000e+00 1.176105e+02 -1.017786e+01
2.921324e+02 0.000000e+00 2.543310e+02 3.780143e+01
2.041947e+02 0.000000e+00 2.543310e+02 -5.013628e+01
1.473833e+02 0.000000e+00 1.335454e+02 1.383789e+01
1.174933e+02 0.000000e+00 1.335454e+02 -1.605215e+01
1.080695e+02 0.000000e+00 1.172851e+02 -9.215599e+00
1.272670e+02 0.000000e+00 1.172851e+02 9.981856e+00
3.182711e+02 0.000000e+00 3.154807e+02 2.790336e+00
3.144877e+02 0.000000e+00 3.154807e+02 -9.929892e-01
1.674556e+02 0.000000e+00 1.419065e+02 2.554906e+01
1.171493e+02 0.000000e+00 1.419065e+02 -2.475727e+01
2.414495e+02 0.000000e+00 2.071530e+02 3.429657e+01
1.823504e+02 0.000000e+00 2.071530e+02 -2.480260e+01
1.229903e+02 0.000000e+00 7.027212e+01 5.271818e+01
9.147662e+00 0.000000e+00 7.027212e+01 -6.112446e+01
1.855520e+02 0.000000e+00 1.352613e+02 5.029075e+01
1.096935e+02 0.000000e+00 1.352613e+02 -2.556782e+01
8.580863e+01 0.000000e+00 9.918855e+01 -1.337992e+01
1.126470e+02 0.000000e+00 9.918855e+01 1.345845e+01
2.366272e+02 0.000000e+00 2.232283e+02 1.339885e+01
2.080644e+02 0.000000e+00 2.232283e+02 -1.516388e+01
1.863375e+02 0.000000e+00 1.339211e+02 5.241644e+01
8.886131e+01 0.000000e+00 1.339211e+02 -4.505980e+01
1.547633e+02 0.000000e+00 1.560643e+02 -1.301015e+00
1.598853e+02 0.000000e+00 1.560643e+02 3.821004e+00
1.215980e+02 0.000000e+00 1.150531e+02 6.544927e+00
1.089838e+02 0.000000e+00 1.150531e+02 -6.069250e+00
5.692629e+01 0.000000e+00 6.421942e+01 -7.293125e+00
7.404036e+01 0.000000e+00 6.421942e+01 9.820946e+00
3.009071e+02 2.668379e+02 2.668379e+02 3.009071e+02
2.343994e+02 2.668379e+02 2.668379e+02 2.343994e+02
