-5.189411e+01 0.000000e+00 9.571150e+00 -6.146526e+01
6.972247e+01 0.000000e+00 9.571150e+00 6.015132e+01
2.039749e+02 0.000000e+00 2.236676e+02 -1.969270e+01
2.597828e+02 0.000000e+00 2.236676e+02 3.611513e+01
3.145951e+02 0.000000e+00 7.241598e+01 2.421791e+02
-2.024710e+02 0.000000e+00 7.241598e+01 -2.748870e+02
3.671453e+02 0.000000e+00 3.525103e+02 1.463492e+01
3.321844e+02 0.000000e+00 3.525103e+02 -2.032596e+01
3.980020e+02 0.000000e+00 4.515932e+02 -5.359128e+01
5.168802e+02 0.000000e+00 4.515932e+02 6.528702e+01
2.162951e+02 0.000000e+00 2.302673e+02 -1.397221e+01
2.440977e+02 0.000000e+00 2.302673e+02 1.383037e+01
2.182426e+02 0.000000e+00 1.266010e+02 9.164166e+01
3.806928e+01 0.000000e+00 1.266010e+02 -8.853170e+01
2.521688e+01 0.000000e+00 6.615054e+01 -4.093366e+01
1.215665e+02 0.000000e+00 6.615054e+01 5.541599e+01
5.717779e+02 0.000000e+00 5.413145e+02 3.046338e+01
5.250790e+02 0.000000e+00 5.413145e+02 -1.623547e+01
8.799178e+01 0.000000e+00 1.059549e+02 -1.796312e+01
1.180385e+02 0.000000e+00 1.059549e+02 1.208358e+01
4.387698e+02 0.000000e+00 3.367708e+02 1.019990e+02
2.362238e+02 0.000000e+00 3.367708e+02 -1.005470e+02
1.247643e+03 0.000000e+00 7.037766e+02 5.438661e+02
4.230258e+02 0.000000e+00 7.037766e+02 -2.807508e+02
1.059846e+02 0.000000e+00 1.274271e+02 -2.144251e+01
1.549278e+02 0.000000e+00 1.274271e+02 2.750074e+01
2.965176e+02 0.000000e+00 2.688083e+02 2.770929e+01
2.394926e+02 0.000000e+00 2.688083e+02 -2.931569e+01
4.699052e+02 0.000000e+00 4.464842e+02 2.342108e+01
4.229416e+02 0.000000e+00 4.464842e+02 -2.354254e+01
5.091574e+01 0.000000e+00 1.111012e+02 -6.018542e+01
1.633363e+02 0.000000e+00 1.111012e+02 5.223512e+01
3.298039e+02 0.000000e+00 2.776190e+02 5.218494e+01
2.313082e+02 0.000000e+00 2.776190e+02 -4.631082e+01
9.795341e+02 8.325322e+02 8.325322e+02 9.795341e+02
6.174735e+02 8.325322e+02 8.325322e+02 6.174735e+02
-4.353137e+01 0.000000e+00 3.082650e+02 -3.517964e+02
3.790734e+02 0.000000e+00 3.082650e+02 7.080835e+01
3.550387e+02 0.000000e+00 3.049510e+02 5.008762e+01
2.318376e+02 0.000000e+00 3.049510e+02 -7.311340e+01
1.119175e+02 0.000000e+00 1.561411e+02 -4.422357e+01
2.003553e+02 0.000000e+00 1.561411e+02 4.421425e+01
4.488656e+02 0.000000e+00 2.893313e+02 1.595343e+02
8.574245e+01 0.000000e+00 2.893313e+02 -2.035888e+02
2.266546e+02 0.000000e+00 2.905101e+02 -6.385542e+01
3.376352e+02 0.000000e+00 2.905101e+02 4.712509e+01
5.026448e+02 0.000000e+00 3.912202e+02 1.114246e+02
2.534406e+02 0.000000e+00 3.912202e+02 -1.377796e+02
1.940927e+02 0.000000e+00 1.885420e+02 5.550705e+00
1.803067e+02 0.000000e+00 1.885420e+02 -8.235336e+00
3.102899e+01 0.000000e+00 8.950340e+01 -5.847440e+01
1.620902e+02 0.000000e+00 8.950340e+01 7.258685e+01
