7.317819e+01 0.000000e+00 4.260672e+01 3.057147e+01
1.309850e+01 0.000000e+00 4.260672e+01 -2.950823e+01
1.408574e+02 0.000000e+00 1.197683e+02 2.108911e+01
9.928834e+01 0.000000e+00 1.197683e+02 -2.047999e+01
3.810132e+01 0.000000e+00 -9.179922e+00 4.728124e+01
-5.600601e+01 0.000000e+00 -9.179922e+00 -4.682609e+01
2.126734e+02 0.000000e+00 1.642319e+02 4.844151e+01
1.050849e+02 0.000000e+00 1.642319e+02 -5.914707e+01
1.271019e+02 0.000000e+00 1.719568e+02 -4.485484e+01
2.212494e+02 0.000000e+00 1.719568e+02 4.929261e+01
1.239215e+02 0.000000e+00 1.036249e+02 2.029664e+01
8.233271e+01 0.000000e+00 1.036249e+02 -2.129217e+01
1.006322e+02 0.000000e+00 8.731495e+01 1.331725e+01
7.214262e+01 0.000000e+00 8.731495e+01 -1.517232e+01
1.150438e+02 0.000000e+00 8.197436e+01 3.306947e+01
4.629790e+01 0.000000e+00 8.197436e+01 -3.567646e+01
1.133638e+02 0.000000e+00 1.095883e+02 3.775526e+00
1.055717e+02 0.000000e+00 1.095883e+02 -4.016610e+00
5.766184e+01 0.000000e+00 9.887414e+01 -4.121230e+01
1.289249e+02 0.000000e+00 9.887414e+01 3.005081e+01
1.695514e+02 0.000000e+00 1.262194e+02 4.333207e+01
8.977313e+01 0.000000e+00 1.262194e+02 -3.644624e+01
2.086581e+02 0.000000e+00 1.987686e+02 9.889450e+00
1.935065e+02 0.000000e+00 1.987686e+02 -5.262067e+00
1.383201e+02 0.000000e+00 1.350306e+02 3.289469e+00
1.319554e+02 0.000000e+00 1.350306e+02 -3.075190e+00
9.872994e+01 0.000000e+00 1.032774e+02 -4.547415e+00
1.082200e+02 0.000000e+00 1.032774e+02 4.942611e+00
2.719965e+02 0.000000e+00 2.628140e+02 9.182506e+00
2.563764e+02 0.000000e+00 2.628140e+02 -6.437632e+00
6.189327e+01 0.000000e+00 7.601610e+01 -1.412284e+01
8.864495e+01 0.000000e+00 7.601610e+01 1.262885e+01
1.615900e+02 0.000000e+00 1.455622e+02 1.602776e+01
1.311095e+02 0.000000e+00 1.455622e+02 -1.445273e+01
3.153160e+02 2.745169e+02 2.745169e+02 3.153160e+02
2.303889e+02 2.745169e+02 2.745169e+02 2.303889e+02
1.647432e+02 0.000000e+00 1.705290e+02 -5.785741e+00
1.632821e+02 0.000000e+00 1.705290e+02 -7.246877e+00
1.384660e+02 0.000000e+00 1.014795e+02 3.698643e+01
5.905190e+01 0.000000e+00 1.014795e+02 -4.242765e+01
1.588012e+02 0.000000e+00 1.470427e+02 1.175857e+01
1.342996e+02 0.000000e+00 1.470427e+02 -1.274308e+01
1.548124e+02 0.000000e+00 9.854148e+01 5.627092e+01
4.596149e+01 0.000000e+00 9.854148e+01 -5.257999e+01
6.820671e+01 0.000000e+00 7.942353e+01 -1.121682e+01
8.959507e+01 0.000000e+00 7.942353e+01 1.017154e+01
1.205594e+02 0.000000e+00 1.141658e+02 6.393666e+00
1.054971e+02 0.000000e+00 1.141658e+02 -8.668690e+00
5.686716e+01 0.000000e+00 7.774484e+01 -2.087768e+01
1.082408e+02 0.000000e+00 7.774484e+01 3.049593e+01
1.048525e+02 0.000000e+00 8.893004e+01 1.592246e+01
7.349169e+01 0.000000e+00 8.893004e+01 -1.543835e+01
