6.959133e+01 0.000000e+00 3.170847e+01 3.788286e+01
-4.441043e+00 0.000000e+00 3.170847e+01 -3.614951e+01
1.475150e+02 0.000000e+00 1.245343e+02 2.298069e+01
1.022750e+02 0.000000e+00 1.245343e+02 -2.225937e+01
3.939263e+01 0.000000e+00 -3.048280e+01 6.987543e+01
-9.535806e+01 0.000000e+00 -3.048280e+01 -6.487526e+01
1.731789e+02 0.000000e+00 1.310221e+02 4.215683e+01
8.504885e+01 0.000000e+00 1.310221e+02 -4.597321e+01
9.381786e+01 0.000000e+00 1.570811e+02 -6.326321e+01
2.255963e+02 0.000000e+00 1.570811e+02 6.851523e+01
7.649545e+01 0.000000e+00 5.062639e+01 2.586906e+01
2.400348e+01 0.000000e+00 5.062639e+01 -2.662291e+01
6.688093e+01 0.000000e+00 6.699372e+01 -1.127935e-01
6.740057e+01 0.000000e+00 6.699372e+01 4.068491e-01
8.664625e+01 0.000000e+00 5.345870e+01 3.318755e+01
1.969749e+01 0.000000e+00 5.345870e+01 -3.376122e+01
1.119643e+02 0.000000e+00 1.088595e+02 3.104783e+00
1.044769e+02 0.000000e+00 1.088595e+02 -4.382578e+00
7.361458e+01 0.000000e+00 1.012555e+02 -2.764093e+01
1.230891e+02 0.000000e+00 1.012555e+02 2.183364e+01
1.448588e+02 0.000000e+00 1.014849e+02 4.337390e+01
6.758397e+01 0.000000e+00 1.014849e+02 -3.390093e+01
1.881903e+02 0.000000e+00 1.708249e+02 1.736538e+01
1.536257e+02 0.000000e+00 1.708249e+02 -1.719916e+01
1.224419e+02 0.000000e+00 1.245391e+02 -2.097185e+00
1.271060e+02 0.000000e+00 1.245391e+02 2.566970e+00
9.691651e+01 0.000000e+00 9.584940e+01 1.067111e+00
9.520184e+01 0.000000e+00 9.584940e+01 -6.475625e-01
2.389188e+02 0.000000e+00 2.309544e+02 7.964343e+00
2.237121e+02 0.000000e+00 2.309544e+02 -7.242321e+00
1.036841e+02 0.000000e+00 9.792768e+01 5.756374e+00
9.350571e+01 0.000000e+00 9.792768e+01 -4.421971e+00
1.712932e+02 0.000000e+00 1.447462e+02 2.654701e+01
1.257720e+02 0.000000e+00 1.447462e+02 -1.897422e+01
7.519486e+01 0.000000e+00 6.525939e+01 9.935465e+00
5.495854e+01 0.000000e+00 6.525939e+01 -1.030086e+01
1.938967e+02 0.000000e+00 1.512929e+02 4.260379e+01
1.347093e+02 0.000000e+00 1.512929e+02 -1.658358e+01
3.252854e+02 2.841444e+02 2.841444e+02 3.252854e+02
2.382130e+02 2.841444e+02 2.841444e+02 2.382130e+02
1.907007e+02 0.000000e+00 1.822225e+02 8.478267e+00
1.738729e+02 0.000000e+00 1.822225e+02 -8.349595e+00
1.518127e+02 0.000000e+00 8.078751e+01 7.102517e+01
1.570796e+01 0.000000e+00 8.078751e+01 -6.507955e+01
4.070435e+01 0.000000e+00 4.718224e+01 -6.477882e+00
5.196390e+01 0.000000e+00 4.718224e+01 4.781660e+00
6.954763e+01 0.000000e+00 8.086043e+01 -1.131280e+01
9.364707e+01 0.000000e+00 8.086043e+01 1.278664e+01
3.541111e+01 0.000000e+00 4.909976e+01 -1.368865e+01
6.537945e+01 0.000000e+00 4.909976e+01 1.627969e+01
9.190578e+01 0.000000e+00 6.703040e+01 2.487538e+01
4.011239e+01 0.000000e+00 6.703040e+01 -2.691801e+01
