4.923387e+01 0.000000e+00 1.898849e+01 3.024538e+01
-9.155404e+00 0.000000e+00 1.898849e+01 -2.814390e+01
1.388328e+02 0.000000e+00 1.206369e+02 1.819584e+01
1.031104e+02 0.000000e+00 1.206369e+02 -1.752654e+01
2.075399e+01 0.000000e+00 -3.114966e+01 5.190365e+01
-7.789214e+01 0.000000e+00 -3.114966e+01 -4.674248e+01
1.799393e+02 0.000000e+00 1.350645e+02 4.487481e+01
8.414765e+01 0.000000e+00 1.350645e+02 -5.091681e+01
9.899881e+01 0.000000e+00 1.570455e+02 -5.804669e+01
2.227903e+02 0.000000e+00 1.570455e+02 6.574478e+01
8.280689e+01 0.000000e+00 5.260623e+01 3.020066e+01
2.079619e+01 0.000000e+00 5.260623e+01 -3.181004e+01
5.299312e+01 0.000000e+00 5.490867e+01 -1.915545e+00
5.662054e+01 0.000000e+00 5.490867e+01 1.711869e+00
8.714367e+01 0.000000e+00 5.234178e+01 3.480189e+01
1.864142e+01 0.000000e+00 5.234178e+01 -3.370036e+01
1.014451e+02 0.000000e+00 1.022366e+02 -7.914449e-01
1.026047e+02 0.000000e+00 1.022366e+02 3.681200e-01
4.607027e+01 0.000000e+00 8.563253e+01 -3.956225e+01
1.166199e+02 0.000000e+00 8.563253e+01 3.098742e+01
1.399238e+02 0.000000e+00 1.000117e+02 3.991212e+01
6.792656e+01 0.000000e+00 1.000117e+02 -3.208511e+01
1.582477e+02 0.000000e+00 1.518402e+02 6.407526e+00
1.483672e+02 0.000000e+00 1.518402e+02 -3.472961e+00
1.091140e+02 0.000000e+00 1.167553e+02 -7.641301e+00
1.248437e+02 0.000000e+00 1.167553e+02 8.088398e+00
7.208418e+01 0.000000e+00 7.168805e+01 3.961286e-01
7.166729e+01 0.000000e+00 7.168805e+01 -2.075866e-02
2.192024e+02 0.000000e+00 2.130219e+02 6.180572e+00
2.077354e+02 0.000000e+00 2.130219e+02 -5.286507e+00
7.025219e+01 0.000000e+00 7.646365e+01 -6.211457e+00
8.203795e+01 0.000000e+00 7.646365e+01 5.574300e+00
2.847293e+02 2.596900e+02 2.596900e+02 2.847293e+02
2.408630e+02 2.596900e+02 2.596900e+02 2.408630e+02
6.506346e+01 0.000000e+00 5.733677e+01 7.726689e+00
4.903290e+01 0.000000e+00 5.733677e+01 -8.303873e+00
1.735244e+02 0.000000e+00 1.452140e+02 2.831041e+01
1.321187e+02 0.000000e+00 1.452140e+02 -1.309534e+01
1.185612e+02 0.000000e+00 9.288084e+01 2.568035e+01
6.412698e+01 0.000000e+00 9.288084e+01 -2.875385e+01
1.719046e+02 0.000000e+00 1.620888e+02 9.815781e+00
1.528177e+02 0.000000e+00 1.620888e+02 -9.271157e+00
1.320140e+02 0.000000e+00 7.033109e+01 6.168293e+01
1.234031e+01 0.000000e+00 7.033109e+01 -5.799078e+01
2.330402e+01 0.000000e+00 3.777608e+01 -1.447206e+01
5.363287e+01 0.000000e+00 3.777608e+01 1.585679e+01
7.780734e+01 0.000000e+00 8.165543e+01 -3.848094e+00
8.522987e+01 0.000000e+00 8.165543e+01 3.574438e+00
3.139164e+01 0.000000e+00 3.918015e+01 -7.788505e+00
4.948075e+01 0.000000e+00 3.918015e+01 1.030060e+01
9.515280e+01 0.000000e+00 6.171730e+01 3.343550e+01
2.742673e+01 0.000000e+00 6.171730e+01 -3.429057e+01
