5.223868e+01 0.000000e+00 2.099440e+01 3.124428e+01
-8.888940e+00 0.000000e+00 2.099440e+01 -2.988334e+01
1.477960e+02 0.000000e+00 1.287900e+02 1.900599e+01
1.099520e+02 0.000000e+00 1.287900e+02 -1.883803e+01
2.548914e+01 0.000000e+00 -1.538340e+01 4.087254e+01
-5.204999e+01 0.000000e+00 -1.538340e+01 -3.666659e+01
1.618816e+02 0.000000e+00 1.183490e+02 4.353264e+01
6.833543e+01 0.000000e+00 1.183490e+02 -5.001356e+01
1.922225e+02 2.629308e+02 2.629308e+02 1.922225e+02
3.432453e+02 2.629308e+02 2.629308e+02 3.432453e+02
8.208381e+01 0.000000e+00 5.208020e+01 3.000361e+01
1.985803e+01 0.000000e+00 5.208020e+01 -3.222216e+01
4.639943e+01 0.000000e+00 4.987070e+01 -3.471270e+00
5.333145e+01 0.000000e+00 4.987070e+01 3.460747e+00
8.761524e+01 0.000000e+00 5.583472e+01 3.178052e+01
2.631082e+01 0.000000e+00 5.583472e+01 -2.952389e+01
1.014326e+02 0.000000e+00 9.788019e+01 3.552412e+00
9.383987e+01 0.000000e+00 9.788019e+01 -4.040322e+00
4.366509e+01 0.000000e+00 8.854867e+01 -4.488358e+01
1.240445e+02 0.000000e+00 8.854867e+01 3.549579e+01
1.516119e+02 0.000000e+00 1.080465e+02 4.356538e+01
7.171714e+01 0.000000e+00 1.080465e+02 -3.632938e+01
1.528454e+02 0.000000e+00 1.463503e+02 6.495097e+00
1.404637e+02 0.000000e+00 1.463503e+02 -5.886693e+00
1.074137e+02 0.000000e+00 1.114200e+02 -4.006298e+00
1.158636e+02 0.000000e+00 1.114200e+02 4.443670e+00
6.446590e+01 0.000000e+00 6.494872e+01 -4.828283e-01
6.601780e+01 0.000000e+00 6.494872e+01 1.069080e+00
2.161582e+02 0.000000e+00 2.087929e+02 7.365348e+00
2.019004e+02 0.000000e+00 2.087929e+02 -6.892495e+00
5.891179e+01 0.000000e+00 6.167610e+01 -2.764309e+00
6.382852e+01 0.000000e+00 6.167610e+01 2.152424e+00
1.465439e+02 0.000000e+00 1.309092e+02 1.563465e+01
1.194968e+02 0.000000e+00 1.309092e+02 -1.141242e+01
5.306307e+01 0.000000e+00 5.191193e+01 1.151137e+00
5.017921e+01 0.000000e+00 5.191193e+01 -1.732724e+00
2.018951e+02 0.000000e+00 1.562483e+02 4.564680e+01
1.355781e+02 0.000000e+00 1.562483e+02 -2.067026e+01
1.043580e+02 0.000000e+00 8.629413e+01 1.806384e+01
6.587643e+01 0.000000e+00 8.629413e+01 -2.041771e+01
1.596773e+02 0.000000e+00 1.470293e+02 1.264803e+01
1.346511e+02 0.000000e+00 1.470293e+02 -1.237814e+01
1.203404e+02 0.000000e+00 6.321994e+01 5.712041e+01
1.040652e+01 0.000000e+00 6.321994e+01 -5.281342e+01
2.137557e+01 0.000000e+00 3.195299e+01 -1.057742e+01
4.377003e+01 0.000000e+00 3.195299e+01 1.181704e+01
7.752337e+01 0.000000e+00 8.149270e+01 -3.969333e+00
8.592705e+01 0.000000e+00 8.149270e+01 4.434350e+00
2.628385e+01 0.000000e+00 4.505639e+01 -1.877254e+01
7.008410e+01 0.000000e+00 4.505639e+01 2.502770e+01
8.322945e+01 0.000000e+00 5.467669e+01 2.855277e+01
2.500892e+01 0.000000e+00 5.467669e+01 -2.966777e+01
