-4.262078e+01 0.000000e+00 -6.642415e+01 2.380337e+01
-9.120559e+01 0.000000e+00 -6.642415e+01 -2.478144e+01
9.689436e+01 0.000000e+00 6.168967e+01 3.520468e+01
3.666451e+01 0.000000e+00 6.168967e+01 -2.502517e+01
7.606419e+01 0.000000e+00 9.336367e+01 -1.729948e+01
1.095657e+02 0.000000e+00 9.336367e+01 1.620202e+01
3.237149e+02 0.000000e+00 2.768800e+02 4.683490e+01
2.029373e+02 0.000000e+00 2.768800e+02 -7.394267e+01
2.113982e+00 0.000000e+00 5.725980e+01 -5.514581e+01
1.194737e+02 0.000000e+00 5.725980e+01 6.221391e+01
1.847481e+02 0.000000e+00 1.208127e+02 6.393542e+01
6.808576e+01 0.000000e+00 1.208127e+02 -5.272695e+01
1.686302e+02 0.000000e+00 1.342024e+02 3.442776e+01
1.019717e+02 0.000000e+00 1.342024e+02 -3.223071e+01
1.624672e+02 0.000000e+00 1.476224e+02 1.484479e+01
1.313793e+02 0.000000e+00 1.476224e+02 -1.624303e+01
2.781661e+02 0.000000e+00 2.411617e+02 3.700446e+01
1.998909e+02 0.000000e+00 2.411617e+02 -4.127083e+01
8.795328e+01 0.000000e+00 1.464420e+02 -5.848874e+01
1.888236e+02 0.000000e+00 1.464420e+02 4.238156e+01
2.491441e+02 0.000000e+00 1.499137e+02 9.923041e+01
9.139879e+01 0.000000e+00 1.499137e+02 -5.851492e+01
1.990708e+02 0.000000e+00 2.272096e+02 -2.813884e+01
2.841502e+02 0.000000e+00 2.272096e+02 5.694057e+01
2.861328e+02 0.000000e+00 2.843722e+02 1.760651e+00
2.825299e+02 0.000000e+00 2.843722e+02 -1.842255e+00
1.346920e+02 0.000000e+00 1.351818e+02 -4.898071e-01
1.357139e+02 0.000000e+00 1.351818e+02 5.320129e-01
4.521136e+02 0.000000e+00 3.599807e+02 9.213281e+01
2.430341e+02 0.000000e+00 3.599807e+02 -1.169467e+02
1.479208e+02 0.000000e+00 1.206264e+02 2.729444e+01
9.289131e+01 0.000000e+00 1.206264e+02 -2.773508e+01
1.484877e+02 0.000000e+00 2.267093e+02 -7.822159e+01
2.910509e+02 0.000000e+00 2.267093e+02 6.434157e+01
3.211018e+02 0.000000e+00 1.880640e+02 1.330378e+02
7.021561e+01 0.000000e+00 1.880640e+02 -1.178484e+02
4.549978e+02 0.000000e+00 2.148757e+02 2.401221e+02
1.521215e+02 0.000000e+00 2.148757e+02 -6.275427e+01
1.428232e+02 0.000000e+00 1.057328e+02 3.709042e+01
6.999872e+01 0.000000e+00 1.057328e+02 -3.573406e+01
6.373822e+02 6.597370e+02 6.597370e+02 6.373822e+02
6.782559e+02 6.597370e+02 6.597370e+02 6.782559e+02
5.677807e+01 0.000000e+00 6.427073e+01 -7.492661e+00
7.015332e+01 0.000000e+00 6.427073e+01 5.882591e+00
9.513663e+01 0.000000e+00 5.510363e+01 4.003300e+01
6.746101e-02 0.000000e+00 5.510363e+01 -5.503617e+01
1.407583e+02 0.000000e+00 6.233863e+01 7.841964e+01
-2.383478e+01 0.000000e+00 6.233863e+01 -8.617341e+01
1.814062e+02 0.000000e+00 1.777320e+02 3.674255e+00
1.717103e+02 0.000000e+00 1.777320e+02 -6.021622e+00
3.398825e+01 0.000000e+00 7.370335e+01 -3.971509e+01
1.245597e+02 0.000000e+00 7.370335e+01 5.085633e+01
