2.286832e+01 0.000000e+00 7.372763e+01 -5.085931e+01
1.262181e+02 0.000000e+00 7.372763e+01 5.249047e+01
6.325349e+02 6.135826e+02 6.135826e+02 6.325349e+02
5.876793e+02 6.135826e+02 6.135826e+02 5.876793e+02
2.755234e+01 0.000000e+00 -8.491870e+00 3.604421e+01
-4.728567e+01 0.000000e+00 -8.491870e+00 -3.879380e+01
1.701926e+02 0.000000e+00 8.085635e+01 8.933625e+01
-1.024984e+01 0.000000e+00 8.085635e+01 -9.110619e+01
1.241335e+02 0.000000e+00 2.760318e+02 -1.518983e+02
4.743966e+02 0.000000e+00 2.760318e+02 1.983648e+02
1.582388e+02 0.000000e+00 6.855560e+01 8.968315e+01
-1.533143e+01 0.000000e+00 6.855560e+01 -8.388704e+01
-8.293018e+01 0.000000e+00 -1.039376e+02 2.100742e+01
-1.304163e+02 0.000000e+00 -1.039376e+02 -2.647868e+01
1.241085e+02 0.000000e+00 5.906491e+01 6.504364e+01
-2.247380e+01 0.000000e+00 5.906491e+01 -8.153871e+01
1.655504e+02 0.000000e+00 1.358973e+02 2.965309e+01
1.025536e+02 0.000000e+00 1.358973e+02 -3.334375e+01
2.060330e+02 0.000000e+00 2.174386e+02 -1.140561e+01
2.278633e+02 0.000000e+00 2.174386e+02 1.042462e+01
2.256587e+02 0.000000e+00 1.835788e+02 4.207994e+01
1.608649e+02 0.000000e+00 1.835788e+02 -2.271388e+01
4.007505e+02 0.000000e+00 4.191301e+02 -1.837964e+01
4.373734e+02 0.000000e+00 4.191301e+02 1.824329e+01
6.146243e+01 0.000000e+00 5.644436e+01 5.018070e+00
5.183292e+01 0.000000e+00 5.644436e+01 -4.611435e+00
2.276094e+02 0.000000e+00 2.474811e+02 -1.987167e+01
2.679551e+02 0.000000e+00 2.474811e+02 2.047408e+01
3.203370e+01 0.000000e+00 5.498399e+01 -2.295030e+01
7.832803e+01 0.000000e+00 5.498399e+01 2.334403e+01
1.618673e+02 0.000000e+00 2.000043e+02 -3.813695e+01
2.321931e+02 0.000000e+00 2.000043e+02 3.218883e+01
4.110364e+02 0.000000e+00 4.193454e+02 -8.309021e+00
4.269620e+02 0.000000e+00 4.193454e+02 7.616608e+00
1.211504e+02 0.000000e+00 8.109662e+01 4.005374e+01
3.165676e+01 0.000000e+00 8.109662e+01 -4.943985e+01
2.269168e+02 0.000000e+00 2.020303e+02 2.488647e+01
1.821843e+02 0.000000e+00 2.020303e+02 -1.984607e+01
2.123995e+02 0.000000e+00 1.585716e+02 5.382791e+01
1.044797e+02 0.000000e+00 1.585716e+02 -5.409190e+01
2.011886e+02 0.000000e+00 1.854376e+02 1.575105e+01
1.663250e+02 0.000000e+00 1.854376e+02 -1.911255e+01
8.846388e+01 0.000000e+00 -3.232782e+01 1.207917e+02
-1.345023e+02 0.000000e+00 -3.232782e+01 -1.021745e+02
8.732042e+01 0.000000e+00 9.004688e+01 -2.726463e+00
9.437219e+01 0.000000e+00 9.004688e+01 4.325310e+00
3.194999e+02 0.000000e+00 2.914446e+02 2.805533e+01
2.630625e+02 0.000000e+00 2.914446e+02 -2.838211e+01
1.088925e+02 0.000000e+00 9.487527e+01 1.401722e+01
7.456176e+01 0.000000e+00 9.487527e+01 -2.031351e+01
1.840528e+02 0.000000e+00 2.421434e+01 1.598385e+02
-1.675279e+02 0.000000e+00 2.421434e+01 -1.917422e+02
