8.748470e+01 0.000000e+00 5.339487e+01 3.408983e+01
1.990713e+01 0.000000e+00 5.339487e+01 -3.348774e+01
1.578384e+02 0.000000e+00 1.352981e+02 2.254027e+01
1.135150e+02 0.000000e+00 1.352981e+02 -2.178313e+01
4.306783e+01 0.000000e+00 -5.126051e+00 4.819389e+01
-5.157821e+01 0.000000e+00 -5.126051e+00 -4.645216e+01
2.173964e+02 0.000000e+00 1.672582e+02 5.013823e+01
1.074502e+02 0.000000e+00 1.672582e+02 -5.980797e+01
1.420755e+02 0.000000e+00 1.850561e+02 -4.298062e+01
2.339046e+02 0.000000e+00 1.850561e+02 4.884854e+01
1.640311e+02 0.000000e+00 1.271152e+02 3.691591e+01
9.174036e+01 0.000000e+00 1.271152e+02 -3.537487e+01
8.532435e+01 0.000000e+00 8.243473e+01 2.889621e+00
7.847425e+01 0.000000e+00 8.243473e+01 -3.960474e+00
1.119464e+02 0.000000e+00 7.693567e+01 3.501075e+01
3.845163e+01 0.000000e+00 7.693567e+01 -3.848405e+01
1.436692e+02 0.000000e+00 1.346630e+02 9.006217e+00
1.252496e+02 0.000000e+00 1.346630e+02 -9.413386e+00
7.488209e+01 0.000000e+00 1.208125e+02 -4.593038e+01
1.557004e+02 0.000000e+00 1.208125e+02 3.488792e+01
1.820568e+02 0.000000e+00 1.346089e+02 4.744797e+01
9.487175e+01 0.000000e+00 1.346089e+02 -3.973711e+01
2.423148e+02 0.000000e+00 2.367436e+02 5.571238e+00
2.371161e+02 0.000000e+00 2.367436e+02 3.725288e-01
1.442924e+02 0.000000e+00 1.468414e+02 -2.548973e+00
1.503993e+02 0.000000e+00 1.468414e+02 3.557922e+00
1.300137e+02 0.000000e+00 1.347254e+02 -4.711756e+00
1.390696e+02 0.000000e+00 1.347254e+02 4.344216e+00
2.769623e+02 0.000000e+00 2.688710e+02 8.091334e+00
2.646857e+02 0.000000e+00 2.688710e+02 -4.185275e+00
9.565179e+01 0.000000e+00 1.093380e+02 -1.368624e+01
1.224949e+02 0.000000e+00 1.093380e+02 1.315685e+01
1.773936e+02 0.000000e+00 1.556699e+02 2.172366e+01
1.377953e+02 0.000000e+00 1.556699e+02 -1.787458e+01
1.353357e+02 0.000000e+00 1.095910e+02 2.574462e+01
8.318266e+01 0.000000e+00 1.095910e+02 -2.640837e+01
1.473941e+02 0.000000e+00 1.617028e+02 -1.430874e+01
1.580604e+02 0.000000e+00 1.617028e+02 -3.642404e+00
1.526759e+02 0.000000e+00 1.163879e+02 3.628806e+01
7.621919e+01 0.000000e+00 1.163879e+02 -4.016867e+01
2.031679e+02 0.000000e+00 2.001798e+02 2.988116e+00
1.970340e+02 0.000000e+00 2.001798e+02 -3.145851e+00
1.804336e+02 0.000000e+00 1.140309e+02 6.640272e+01
5.294363e+01 0.000000e+00 1.140309e+02 -6.108723e+01
6.310325e+01 0.000000e+00 7.245768e+01 -9.354430e+00
8.142213e+01 0.000000e+00 7.245768e+01 8.964458e+00
2.790301e+02 2.670377e+02 2.670377e+02 2.790301e+02
2.513614e+02 2.670377e+02 2.670377e+02 2.513614e+02
5.963949e+01 0.000000e+00 7.969453e+01 -2.005503e+01
1.075556e+02 0.000000e+00 7.969453e+01 2.786107e+01
1.096073e+02 0.000000e+00 8.744451e+01 2.216279e+01
6.593975e+01 0.000000e+00 8.744451e+01 -2.150476e+01
