6.080057e+01 0.000000e+00 1.772160e+01 4.307897e+01
-2.362764e+01 0.000000e+00 1.772160e+01 -4.134923e+01
1.639957e+02 0.000000e+00 1.419592e+02 2.203655e+01
1.199813e+02 0.000000e+00 1.419592e+02 -2.197791e+01
2.941437e+01 0.000000e+00 -2.402829e+01 5.344266e+01
-7.374348e+01 0.000000e+00 -2.402829e+01 -4.971519e+01
2.059041e+02 0.000000e+00 1.644742e+02 4.142987e+01
1.154333e+02 0.000000e+00 1.644742e+02 -4.904085e+01
1.054970e+02 0.000000e+00 1.617070e+02 -5.621000e+01
2.244965e+02 0.000000e+00 1.617070e+02 6.278943e+01
1.079908e+02 0.000000e+00 7.002658e+01 3.796426e+01
2.943504e+01 0.000000e+00 7.002658e+01 -4.059154e+01
7.527540e+01 0.000000e+00 7.926025e+01 -3.984853e+00
8.331755e+01 0.000000e+00 7.926025e+01 4.057299e+00
1.166520e+02 0.000000e+00 9.294591e+01 2.370604e+01
7.179879e+01 0.000000e+00 9.294591e+01 -2.114712e+01
1.364009e+02 0.000000e+00 1.244802e+02 1.192067e+01
1.128860e+02 0.000000e+00 1.244802e+02 -1.159422e+01
1.669220e+02 2.417172e+02 2.417172e+02 1.669220e+02
2.978543e+02 2.417172e+02 2.417172e+02 2.978543e+02
1.550959e+02 0.000000e+00 1.184090e+02 3.668688e+01
8.673771e+01 0.000000e+00 1.184090e+02 -3.167128e+01
1.726218e+02 0.000000e+00 1.722715e+02 3.503095e-01
1.758641e+02 0.000000e+00 1.722715e+02 3.592671e+00
1.409972e+02 0.000000e+00 1.508438e+02 -9.846604e+00
1.615907e+02 0.000000e+00 1.508438e+02 1.074687e+01
8.254671e+01 0.000000e+00 8.618539e+01 -3.638680e+00
8.976882e+01 0.000000e+00 8.618539e+01 3.583433e+00
2.609226e+02 0.000000e+00 2.531318e+02 7.790796e+00
2.469155e+02 0.000000e+00 2.531318e+02 -6.216311e+00
9.411066e+01 0.000000e+00 1.026678e+02 -8.557117e+00
1.096742e+02 0.000000e+00 1.026678e+02 7.006463e+00
1.918650e+02 0.000000e+00 1.664234e+02 2.544158e+01
1.454539e+02 0.000000e+00 1.664234e+02 -2.096943e+01
8.043242e+01 0.000000e+00 6.305422e+01 1.737821e+01
4.227102e+01 0.000000e+00 6.305422e+01 -2.078319e+01
2.070721e+02 0.000000e+00 1.716865e+02 3.538560e+01
1.550647e+02 0.000000e+00 1.716865e+02 -1.662181e+01
1.428193e+02 0.000000e+00 1.174528e+02 2.536659e+01
8.793529e+01 0.000000e+00 1.174528e+02 -2.951746e+01
2.318393e+02 0.000000e+00 2.277766e+02 4.062709e+00
2.240338e+02 0.000000e+00 2.277766e+02 -3.742865e+00
1.391323e+02 0.000000e+00 7.940169e+01 5.973065e+01
2.224686e+01 0.000000e+00 7.940169e+01 -5.715483e+01
3.047074e+01 0.000000e+00 3.625176e+01 -5.781017e+00
4.228729e+01 0.000000e+00 3.625176e+01 6.035530e+00
1.017988e+02 0.000000e+00 1.054777e+02 -3.678859e+00
1.069843e+02 0.000000e+00 1.054777e+02 1.506582e+00
3.044245e+01 0.000000e+00 4.828296e+01 -1.784051e+01
7.223105e+01 0.000000e+00 4.828296e+01 2.394809e+01
1.175974e+02 0.000000e+00 8.670474e+01 3.089263e+01
5.374914e+01 0.000000e+00 8.670474e+01 -3.295560e+01
