7.163581e+01 0.000000e+00 3.266700e+01 3.896880e+01
-5.254017e+00 0.000000e+00 3.266700e+01 -3.792102e+01
2.578291e+02 2.378465e+02 2.378465e+02 2.578291e+02
2.191919e+02 2.378465e+02 2.378465e+02 2.191919e+02
3.713933e+01 0.000000e+00 -8.544534e+00 4.568386e+01
-4.898949e+01 0.000000e+00 -8.544534e+00 -4.044496e+01
1.887710e+02 0.000000e+00 1.395515e+02 4.921951e+01
8.494816e+01 0.000000e+00 1.395515e+02 -5.460337e+01
1.146515e+02 0.000000e+00 1.808360e+02 -6.618451e+01
2.568260e+02 0.000000e+00 1.808360e+02 7.598995e+01
9.404632e+01 0.000000e+00 6.811493e+01 2.593139e+01
3.995602e+01 0.000000e+00 6.811493e+01 -2.815891e+01
6.251665e+01 0.000000e+00 6.509680e+01 -2.580149e+00
6.796266e+01 0.000000e+00 6.509680e+01 2.865859e+00
1.011871e+02 0.000000e+00 7.201731e+01 2.916981e+01
4.541781e+01 0.000000e+00 7.201731e+01 -2.659950e+01
1.130169e+02 0.000000e+00 1.121649e+02 8.519907e-01
1.106892e+02 0.000000e+00 1.121649e+02 -1.475706e+00
5.942134e+01 0.000000e+00 9.466728e+01 -3.524595e+01
1.217095e+02 0.000000e+00 9.466728e+01 2.704223e+01
1.775403e+02 0.000000e+00 1.309552e+02 4.658511e+01
9.181749e+01 0.000000e+00 1.309552e+02 -3.913770e+01
1.797843e+02 0.000000e+00 1.744946e+02 5.289701e+00
1.694489e+02 0.000000e+00 1.744946e+02 -5.045695e+00
1.309553e+02 0.000000e+00 1.325470e+02 -1.591731e+00
1.342730e+02 0.000000e+00 1.325470e+02 1.725999e+00
9.090157e+01 0.000000e+00 8.952150e+01 1.380070e+00
8.860857e+01 0.000000e+00 8.952150e+01 -9.129292e-01
2.276895e+02 0.000000e+00 2.208523e+02 6.837219e+00
2.146330e+02 0.000000e+00 2.208523e+02 -6.219297e+00
7.756140e+01 0.000000e+00 7.903451e+01 -1.473116e+00
8.026294e+01 0.000000e+00 7.903451e+01 1.228428e+00
1.764298e+02 0.000000e+00 1.529890e+02 2.344076e+01
1.354865e+02 0.000000e+00 1.529890e+02 -1.750254e+01
7.674924e+01 0.000000e+00 6.450221e+01 1.224703e+01
5.154092e+01 0.000000e+00 6.450221e+01 -1.296129e+01
2.353312e+02 0.000000e+00 1.742202e+02 6.111102e+01
1.488513e+02 0.000000e+00 1.742202e+02 -2.536890e+01
1.324683e+02 0.000000e+00 1.073738e+02 2.509450e+01
7.972707e+01 0.000000e+00 1.073738e+02 -2.764672e+01
1.640444e+02 0.000000e+00 1.539766e+02 1.006771e+01
1.438718e+02 0.000000e+00 1.539766e+02 -1.010486e+01
1.314252e+02 0.000000e+00 7.611917e+01 5.530600e+01
2.634138e+01 0.000000e+00 7.611917e+01 -4.977779e+01
3.355134e+01 0.000000e+00 4.309071e+01 -9.539365e+00
5.412269e+01 0.000000e+00 4.309071e+01 1.103199e+01
7.690212e+01 0.000000e+00 8.875047e+01 -1.184835e+01
1.013539e+02 0.000000e+00 8.875047e+01 1.260344e+01
3.702514e+01 0.000000e+00 5.498486e+01 -1.795972e+01
7.927614e+01 0.000000e+00 5.498486e+01 2.429129e+01
9.528990e+01 0.000000e+00 6.653898e+01 2.875092e+01
3.657062e+01 0.000000e+00 6.653898e+01 -2.996836e+01
