4.428873e+01 0.000000e+00 7.740384e+00 3.654835e+01
-2.711200e+01 0.000000e+00 7.740384e+00 -3.485239e+01
1.285626e+02 0.000000e+00 1.054032e+02 2.315947e+01
8.262010e+01 0.000000e+00 1.054032e+02 -2.278305e+01
6.801651e+00 0.000000e+00 -3.792089e+01 4.472254e+01
-8.040520e+01 0.000000e+00 -3.792089e+01 -4.248432e+01
1.515370e+02 0.000000e+00 1.171152e+02 3.442179e+01
7.816393e+01 0.000000e+00 1.171152e+02 -3.895130e+01
7.473670e+01 0.000000e+00 1.332017e+02 -5.846495e+01
2.011643e+02 0.000000e+00 1.332017e+02 6.796264e+01
7.152737e+01 0.000000e+00 4.044421e+01 3.108316e+01
7.682499e+00 0.000000e+00 4.044421e+01 -3.276171e+01
4.735479e+01 0.000000e+00 5.495129e+01 -7.596501e+00
6.227178e+01 0.000000e+00 5.495129e+01 7.320481e+00
8.542995e+01 0.000000e+00 4.916269e+01 3.626727e+01
1.200345e+01 0.000000e+00 4.916269e+01 -3.715924e+01
1.007198e+02 0.000000e+00 9.296547e+01 7.754347e+00
8.564273e+01 0.000000e+00 9.296547e+01 -7.322740e+00
3.754157e+01 0.000000e+00 9.515361e+01 -5.761205e+01
1.406308e+02 0.000000e+00 9.515361e+01 4.547722e+01
1.364612e+02 0.000000e+00 9.993582e+01 3.652540e+01
6.951143e+01 0.000000e+00 9.993582e+01 -3.042439e+01
1.357274e+02 0.000000e+00 1.318899e+02 3.837544e+00
1.301905e+02 0.000000e+00 1.318899e+02 -1.699354e+00
9.617087e+01 0.000000e+00 1.030822e+02 -6.911372e+00
1.103898e+02 0.000000e+00 1.030822e+02 7.307608e+00
3.967266e+01 0.000000e+00 4.477375e+01 -5.101091e+00
4.990478e+01 0.000000e+00 4.477375e+01 5.131031e+00
2.310485e+02 0.000000e+00 2.281064e+02 2.942090e+00
2.262409e+02 0.000000e+00 2.281064e+02 -1.865526e+00
6.441902e+01 0.000000e+00 7.062142e+01 -6.202401e+00
7.616109e+01 0.000000e+00 7.062142e+01 5.539665e+00
1.364911e+02 0.000000e+00 1.148705e+02 2.162059e+01
9.755548e+01 0.000000e+00 1.148705e+02 -1.731503e+01
3.934205e+01 0.000000e+00 3.722742e+01 2.114629e+00
3.339290e+01 0.000000e+00 3.722742e+01 -3.834525e+00
1.706193e+02 0.000000e+00 1.368655e+02 3.375381e+01
1.199388e+02 0.000000e+00 1.368655e+02 -1.692670e+01
1.087231e+02 0.000000e+00 8.409172e+01 2.463135e+01
5.479450e+01 0.000000e+00 8.409172e+01 -2.929722e+01
2.939547e+02 2.768768e+02 2.768768e+02 2.939547e+02
2.599771e+02 2.768768e+02 2.768768e+02 2.599771e+02
1.088540e+02 0.000000e+00 4.752565e+01 6.132831e+01
-1.127010e+01 0.000000e+00 4.752565e+01 -5.879575e+01
1.063367e+01 0.000000e+00 2.385476e+01 -1.322109e+01
3.734643e+01 0.000000e+00 2.385476e+01 1.349168e+01
7.249867e+01 0.000000e+00 8.024292e+01 -7.744244e+00
8.827841e+01 0.000000e+00 8.024292e+01 8.035499e+00
9.970515e+00 0.000000e+00 3.224890e+01 -2.227839e+01
6.077844e+01 0.000000e+00 3.224890e+01 2.852953e+01
8.448521e+01 0.000000e+00 5.236410e+01 3.212111e+01
1.877349e+01 0.000000e+00 5.236410e+01 -3.359060e+01
