2.867652e+01 0.000000e+00 6.993049e+01 -4.125397e+01
1.149399e+02 0.000000e+00 6.993049e+01 4.500937e+01
1.049102e+02 0.000000e+00 8.835560e+01 1.655460e+01
7.319249e+01 0.000000e+00 8.835560e+01 -1.516311e+01
8.535148e+01 0.000000e+00 -1.786672e+01 1.032182e+02
-9.125865e+01 0.000000e+00 -1.786672e+01 -7.339193e+01
8.873955e+01 0.000000e+00 1.202826e+02 -3.154308e+01
1.563343e+02 0.000000e+00 1.202826e+02 3.605163e+01
1.628395e+02 0.000000e+00 1.635711e+02 -7.315216e-01
1.645779e+02 0.000000e+00 1.635711e+02 1.006821e+00
6.032669e+01 0.000000e+00 8.538113e+01 -2.505444e+01
1.048169e+02 0.000000e+00 8.538113e+01 1.943581e+01
8.360141e+01 0.000000e+00 2.339912e+01 6.020229e+01
-3.082062e+01 0.000000e+00 2.339912e+01 -5.421974e+01
8.266061e+01 0.000000e+00 6.674942e+00 7.598567e+01
-8.437216e+01 0.000000e+00 6.674942e+00 -9.104710e+01
3.431586e+01 0.000000e+00 7.851249e+01 -4.419663e+01
1.204224e+02 0.000000e+00 7.851249e+01 4.190987e+01
1.206525e+02 0.000000e+00 1.616108e+02 -4.095831e+01
1.953367e+02 0.000000e+00 1.616108e+02 3.372591e+01
2.012226e+02 0.000000e+00 1.276090e+02 7.361368e+01
6.694643e+01 0.000000e+00 1.276090e+02 -6.066254e+01
4.104527e+02 0.000000e+00 2.933100e+02 1.171427e+02
1.834303e+02 0.000000e+00 2.933100e+02 -1.098797e+02
1.213457e+02 0.000000e+00 1.190304e+02 2.315315e+00
1.168094e+02 0.000000e+00 1.190304e+02 -2.220955e+00
1.823827e+02 0.000000e+00 1.513645e+02 3.101820e+01
1.203225e+02 0.000000e+00 1.513645e+02 -3.104195e+01
1.916738e+02 0.000000e+00 1.643414e+02 2.733240e+01
1.361079e+02 0.000000e+00 1.643414e+02 -2.823347e+01
7.043002e+01 0.000000e+00 1.818802e+02 -1.114502e+02
2.825475e+02 0.000000e+00 1.818802e+02 1.006673e+02
3.023405e+02 0.000000e+00 2.257945e+02 7.654604e+01
1.681142e+02 0.000000e+00 2.257945e+02 -5.768033e+01
-2.559970e+01 0.000000e+00 -1.385070e+01 -1.174900e+01
-2.909920e+00 0.000000e+00 -1.385070e+01 1.094078e+01
7.220734e+01 0.000000e+00 4.252355e+01 2.968380e+01
2.830869e+01 0.000000e+00 4.252355e+01 -1.421486e+01
1.328424e+02 0.000000e+00 8.770732e+01 4.513512e+01
4.899774e+01 0.000000e+00 8.770732e+01 -3.870958e+01
8.247977e+01 0.000000e+00 1.515479e+02 -6.906818e+01
2.049958e+02 0.000000e+00 1.515479e+02 5.344781e+01
6.295402e+02 5.524044e+02 5.524044e+02 6.295402e+02
4.811371e+02 5.524044e+02 5.524044e+02 4.811371e+02
9.398790e+01 0.000000e+00 1.722195e+02 -7.823163e+01
2.478895e+02 0.000000e+00 1.722195e+02 7.566992e+01
1.735971e+02 0.000000e+00 1.559930e+02 1.760406e+01
1.373274e+02 0.000000e+00 1.559930e+02 -1.866559e+01
4.471066e+01 0.000000e+00 8.077158e+01 -3.606091e+01
1.128631e+02 0.000000e+00 8.077158e+01 3.209156e+01
1.920897e+02 0.000000e+00 1.048726e+02 8.721713e+01
2.930673e+01 0.000000e+00 1.048726e+02 -7.556586e+01
