2.183692e+01 0.000000e+00 -2.715516e+00 2.455243e+01
-2.094813e+01 0.000000e+00 -2.715516e+00 -1.823262e+01
1.839126e+01 0.000000e+00 4.963601e+01 -3.124475e+01
7.441613e+01 0.000000e+00 4.963601e+01 2.478012e+01
2.234814e+01 0.000000e+00 -5.094213e+00 2.744235e+01
-3.188518e+01 0.000000e+00 -5.094213e+00 -2.679097e+01
1.170807e+02 0.000000e+00 8.496578e+01 3.211489e+01
3.504454e+01 0.000000e+00 8.496578e+01 -4.992124e+01
2.014531e+02 0.000000e+00 1.894443e+02 1.200879e+01
1.747105e+02 0.000000e+00 1.894443e+02 -1.473380e+01
6.343336e+02 5.139171e+02 5.139171e+02 6.343336e+02
3.788757e+02 5.139171e+02 5.139171e+02 3.788757e+02
2.154898e+02 0.000000e+00 2.083952e+02 7.094620e+00
1.994203e+02 0.000000e+00 2.083952e+02 -8.974915e+00
1.141637e+02 0.000000e+00 4.743636e+01 6.672729e+01
-1.982270e+01 0.000000e+00 4.743636e+01 -6.725905e+01
7.448513e+01 0.000000e+00 5.090611e+01 2.357902e+01
3.113981e+01 0.000000e+00 5.090611e+01 -1.976630e+01
-3.526453e+01 0.000000e+00 1.501935e+01 -5.028387e+01
5.034451e+01 0.000000e+00 1.501935e+01 3.532517e+01
4.765362e+01 0.000000e+00 7.850280e+01 -3.084918e+01
1.065505e+02 0.000000e+00 7.850280e+01 2.804774e+01
1.262964e+02 0.000000e+00 1.772724e+02 -5.097599e+01
2.339824e+02 0.000000e+00 1.772724e+02 5.671001e+01
3.617290e+01 0.000000e+00 -2.187754e+01 5.805044e+01
-1.020862e+02 0.000000e+00 -2.187754e+01 -8.020867e+01
3.979820e+01 0.000000e+00 8.766084e+01 -4.786264e+01
1.486844e+02 0.000000e+00 8.766084e+01 6.102356e+01
4.553541e+00 0.000000e+00 2.461579e+01 -2.006225e+01
3.808914e+01 0.000000e+00 2.461579e+01 1.347335e+01
1.459226e+02 0.000000e+00 1.392531e+02 6.669434e+00
1.333425e+02 0.000000e+00 1.392531e+02 -5.910645e+00
5.063033e+01 0.000000e+00 6.783176e+01 -1.720144e+01
8.665240e+01 0.000000e+00 6.783176e+01 1.882064e+01
-1.225567e+02 0.000000e+00 -4.354528e+01 -7.901143e+01
2.238639e+01 0.000000e+00 -4.354528e+01 6.593167e+01
3.217507e+02 0.000000e+00 2.691621e+02 5.258856e+01
2.405020e+02 0.000000e+00 2.691621e+02 -2.866019e+01
1.188792e+02 0.000000e+00 7.913412e+01 3.974506e+01
4.064149e+01 0.000000e+00 7.913412e+01 -3.849263e+01
1.898914e+02 0.000000e+00 1.182797e+02 7.161169e+01
4.288588e+01 0.000000e+00 1.182797e+02 -7.539383e+01
-1.008509e+01 0.000000e+00 -1.935190e+01 9.266809e+00
-2.644268e+01 0.000000e+00 -1.935190e+01 -7.090780e+00
-5.498312e+01 0.000000e+00 -3.702784e+01 -1.795527e+01
-1.327841e+01 0.000000e+00 -3.702784e+01 2.374944e+01
2.018284e+02 0.000000e+00 1.836411e+02 1.818733e+01
1.700535e+02 0.000000e+00 1.836411e+02 -1.358751e+01
-1.301266e+01 0.000000e+00 -1.405408e+01 1.041421e+00
-1.543845e+01 0.000000e+00 -1.405408e+01 -1.384368e+00
6.640942e+01 0.000000e+00 4.838612e+01 1.802330e+01
2.340219e+01 0.000000e+00 4.838612e+01 -2.498393e+01
