5.868523e+00 0.000000e+00 -1.046688e+02 1.105373e+02
-2.307234e+02 0.000000e+00 -1.046688e+02 -1.260546e+02
2.416859e+02 0.000000e+00 2.260812e+02 1.560469e+01
2.113446e+02 0.000000e+00 2.260812e+02 -1.473657e+01
1.935807e+02 0.000000e+00 1.497944e+02 4.378625e+01
9.694726e+01 0.000000e+00 1.497944e+02 -5.284719e+01
1.135506e+02 0.000000e+00 6.062199e+01 5.292862e+01
4.187536e-01 0.000000e+00 6.062199e+01 -6.020324e+01
3.142067e+01 0.000000e+00 1.613307e+02 -1.299100e+02
2.976932e+02 0.000000e+00 1.613307e+02 1.363625e+02
6.532157e+01 0.000000e+00 7.899770e+01 -1.367613e+01
9.562647e+01 0.000000e+00 7.899770e+01 1.662877e+01
2.080534e+02 0.000000e+00 1.795686e+02 2.848480e+01
1.517538e+02 0.000000e+00 1.795686e+02 -2.781477e+01
1.856692e+02 0.000000e+00 1.389913e+02 4.667793e+01
7.732507e+01 0.000000e+00 1.389913e+02 -6.166623e+01
1.540324e+02 0.000000e+00 1.650049e+02 -1.097255e+01
1.799856e+02 0.000000e+00 1.650049e+02 1.498068e+01
1.671735e+02 0.000000e+00 1.519092e+02 1.526433e+01
1.386285e+02 0.000000e+00 1.519092e+02 -1.328065e+01
1.921711e+02 0.000000e+00 1.757399e+02 1.643127e+01
1.610162e+02 0.000000e+00 1.757399e+02 -1.472366e+01
3.182380e+02 0.000000e+00 3.047353e+02 1.350278e+01
2.908136e+02 0.000000e+00 3.047353e+02 -1.392169e+01
3.047101e+02 0.000000e+00 3.069698e+02 -2.259613e+00
3.092118e+02 0.000000e+00 3.069698e+02 2.242035e+00
2.136746e+02 0.000000e+00 2.527441e+02 -3.906949e+01
2.873106e+02 0.000000e+00 2.527441e+02 3.456647e+01
1.971491e+02 0.000000e+00 1.600781e+02 3.707101e+01
1.160150e+02 0.000000e+00 1.600781e+02 -4.406317e+01
1.474207e+02 0.000000e+00 2.195298e+02 -7.210915e+01
2.820049e+02 0.000000e+00 2.195298e+02 6.247505e+01
8.215358e+02 6.494236e+02 6.494236e+02 8.215358e+02
5.312785e+02 6.494236e+02 6.494236e+02 5.312785e+02
1.771773e+02 0.000000e+00 1.009291e+02 7.624815e+01
6.023399e+00 0.000000e+00 1.009291e+02 -9.490573e+01
2.668983e+02 0.000000e+00 1.824953e+02 8.440295e+01
1.357048e+02 0.000000e+00 1.824953e+02 -4.679050e+01
1.327812e+02 0.000000e+00 1.374624e+02 -4.681229e+00
1.426825e+02 0.000000e+00 1.374624e+02 5.220062e+00
2.041031e+02 0.000000e+00 1.916112e+02 1.249193e+01
1.781441e+02 0.000000e+00 1.916112e+02 -1.346707e+01
9.880981e+01 0.000000e+00 7.038186e+01 2.842796e+01
4.802362e+01 0.000000e+00 7.038186e+01 -2.235824e+01
1.851806e+02 0.000000e+00 2.093515e+02 -2.417085e+01
2.336235e+02 0.000000e+00 2.093515e+02 2.427202e+01
-6.754182e+01 0.000000e+00 -3.577632e+01 -3.176550e+01
4.471235e-01 0.000000e+00 -3.577632e+01 3.622344e+01
-1.375290e+01 0.000000e+00 3.168722e+01 -4.544012e+01
9.293337e+01 0.000000e+00 3.168722e+01 6.124616e+01
1.439696e+02 0.000000e+00 1.220869e+02 2.188274e+01
9.668132e+01 0.000000e+00 1.220869e+02 -2.540557e+01
