1.785962e+02 0.000000e+00 6.288372e+01 1.157125e+02
-4.798374e+01 0.000000e+00 6.288372e+01 -1.108675e+02
2.622985e+02 0.000000e+00 2.755323e+02 -1.323386e+01
2.868235e+02 0.000000e+00 2.755323e+02 1.129111e+01
2.732849e+02 0.000000e+00 1.837271e+02 8.955777e+01
9.033060e+01 0.000000e+00 1.837271e+02 -9.339655e+01
2.026439e+02 0.000000e+00 1.241231e+02 7.852076e+01
3.870620e+01 0.000000e+00 1.241231e+02 -8.541690e+01
2.082203e+02 0.000000e+00 2.295184e+02 -2.129808e+01
2.571718e+02 0.000000e+00 2.295184e+02 2.765340e+01
2.307495e+01 0.000000e+00 6.028711e+01 -3.721216e+01
9.263507e+01 0.000000e+00 6.028711e+01 3.234796e+01
1.794455e+02 0.000000e+00 1.696662e+02 9.779297e+00
1.592874e+02 0.000000e+00 1.696662e+02 -1.037877e+01
2.527319e+02 0.000000e+00 2.008981e+02 5.183374e+01
1.392233e+02 0.000000e+00 2.008981e+02 -6.167485e+01
-9.651373e+00 0.000000e+00 2.385719e+01 -3.350856e+01
5.418293e+01 0.000000e+00 2.385719e+01 3.032574e+01
5.271925e+01 0.000000e+00 6.405159e+01 -1.133234e+01
7.264379e+01 0.000000e+00 6.405159e+01 8.592201e+00
2.693948e+02 0.000000e+00 1.751518e+02 9.424298e+01
8.902467e+01 0.000000e+00 1.751518e+02 -8.612712e+01
3.033093e+02 0.000000e+00 3.917897e+02 -8.848047e+01
4.791857e+02 0.000000e+00 3.917897e+02 8.739594e+01
4.995668e+02 0.000000e+00 4.490924e+02 5.047440e+01
4.007666e+02 0.000000e+00 4.490924e+02 -4.832578e+01
5.036167e+02 0.000000e+00 4.346049e+02 6.901172e+01
3.478516e+02 0.000000e+00 4.346049e+02 -8.675333e+01
4.012900e+02 0.000000e+00 3.145481e+02 8.674194e+01
2.183475e+02 0.000000e+00 3.145481e+02 -9.620055e+01
5.629461e+01 0.000000e+00 1.153082e+01 4.476379e+01
-3.089048e+01 0.000000e+00 1.153082e+01 -4.242130e+01
3.959438e+02 0.000000e+00 2.958797e+02 1.000642e+02
2.250082e+02 0.000000e+00 2.958797e+02 -7.087148e+01
-1.789322e+01 0.000000e+00 -4.870223e+01 3.080901e+01
-7.769888e+01 0.000000e+00 -4.870223e+01 -2.899665e+01
4.061411e+01 0.000000e+00 8.203638e+01 -4.142227e+01
1.011712e+02 0.000000e+00 8.203638e+01 1.913481e+01
3.284001e+01 0.000000e+00 1.094542e+02 -7.661420e+01
1.665685e+02 0.000000e+00 1.094542e+02 5.711425e+01
2.778354e+02 0.000000e+00 2.997259e+02 -2.189050e+01
3.282724e+02 0.000000e+00 2.997259e+02 2.854654e+01
3.306690e+02 0.000000e+00 2.201240e+02 1.105450e+02
1.440509e+02 0.000000e+00 2.201240e+02 -7.607314e+01
4.768102e+02 4.071149e+02 4.071149e+02 4.768102e+02
3.488143e+02 4.071149e+02 4.071149e+02 3.488143e+02
6.238161e+01 0.000000e+00 9.393285e+01 -3.155124e+01
1.302077e+02 0.000000e+00 9.393285e+01 3.627486e+01
6.225051e+01 0.000000e+00 1.342932e+02 -7.204264e+01
2.389164e+02 0.000000e+00 1.342932e+02 1.046232e+02
1.189357e+02 0.000000e+00 1.130561e+02 5.879662e+00
1.063215e+02 0.000000e+00 1.130561e+02 -6.734550e+00
