1.674397e+02 0.000000e+00 1.778276e+02 -1.038795e+01
1.852104e+02 0.000000e+00 1.778276e+02 7.382736e+00
3.383177e+02 0.000000e+00 3.205928e+02 1.772485e+01
3.040789e+02 0.000000e+00 3.205928e+02 -1.651389e+01
3.189372e+02 0.000000e+00 6.660381e+01 2.523334e+02
-1.739954e+02 0.000000e+00 6.660381e+01 -2.405992e+02
4.862813e+02 0.000000e+00 4.928895e+02 -6.608124e+00
5.028473e+02 0.000000e+00 4.928895e+02 9.957855e+00
1.967177e+02 0.000000e+00 2.175737e+02 -2.085605e+01
2.407263e+02 0.000000e+00 2.175737e+02 2.315257e+01
2.650959e+01 0.000000e+00 6.137173e+01 -3.486214e+01
1.094125e+02 0.000000e+00 6.137173e+01 4.804076e+01
2.654938e+02 0.000000e+00 1.802356e+02 8.525819e+01
1.003685e+02 0.000000e+00 1.802356e+02 -7.986710e+01
3.436250e+02 0.000000e+00 1.861092e+02 1.575158e+02
9.906007e+01 0.000000e+00 1.861092e+02 -8.704914e+01
1.290201e+01 0.000000e+00 2.584426e+01 -1.294225e+01
3.751406e+01 0.000000e+00 2.584426e+01 1.166981e+01
1.444921e+02 0.000000e+00 1.838599e+02 -3.936778e+01
2.101364e+02 0.000000e+00 1.838599e+02 2.627647e+01
2.337259e+02 0.000000e+00 1.691017e+02 6.462419e+01
1.211696e+02 0.000000e+00 1.691017e+02 -4.793213e+01
5.978552e+02 0.000000e+00 5.001095e+02 9.774576e+01
2.703260e+02 0.000000e+00 5.001095e+02 -2.297834e+02
4.493575e+01 0.000000e+00 1.558503e+02 -1.109146e+02
2.682578e+02 0.000000e+00 1.558503e+02 1.124075e+02
2.543912e+02 0.000000e+00 1.755926e+02 7.879866e+01
1.208356e+02 0.000000e+00 1.755926e+02 -5.475698e+01
5.160255e+02 0.000000e+00 4.329409e+02 8.308456e+01
3.412333e+02 0.000000e+00 4.329409e+02 -9.170761e+01
5.604472e+01 0.000000e+00 8.767242e+01 -3.162771e+01
1.175392e+02 0.000000e+00 8.767242e+01 2.986674e+01
1.388913e+02 0.000000e+00 8.085288e+01 5.803838e+01
5.342774e+01 0.000000e+00 8.085288e+01 -2.742514e+01
4.760212e+01 0.000000e+00 2.906803e+01 1.853408e+01
1.263071e+01 0.000000e+00 2.906803e+01 -1.643732e+01
-1.242791e+02 0.000000e+00 8.353940e+01 -2.078185e+02
1.393495e+02 0.000000e+00 8.353940e+01 5.581012e+01
2.445884e+02 0.000000e+00 1.614663e+02 8.312207e+01
9.267764e+01 0.000000e+00 1.614663e+02 -6.878867e+01
-1.865063e+01 0.000000e+00 -4.199703e+01 2.334640e+01
-7.418018e+01 0.000000e+00 -4.199703e+01 -3.218314e+01
2.612551e+02 0.000000e+00 1.437781e+02 1.174769e+02
6.628500e+01 0.000000e+00 1.437781e+02 -7.749313e+01
2.151018e+02 0.000000e+00 2.838956e+02 -6.879379e+01
3.421023e+02 0.000000e+00 2.838956e+02 5.820670e+01
1.628005e+02 0.000000e+00 1.504617e+02 1.233879e+01
1.387205e+02 0.000000e+00 1.504617e+02 -1.174123e+01
3.863240e+01 0.000000e+00 4.593003e+01 -7.297626e+00
5.464775e+01 0.000000e+00 4.593003e+01 8.717716e+00
4.299813e+02 5.656719e+02 5.656719e+02 4.299813e+02
6.699396e+02 5.656719e+02 5.656719e+02 6.699396e+02
