1.032908e+02 0.000000e+00 4.454259e+01 5.874820e+01
-2.150919e+01 0.000000e+00 4.454259e+01 -6.605178e+01
2.131077e+02 0.000000e+00 1.967791e+02 1.632868e+01
1.828427e+02 0.000000e+00 1.967791e+02 -1.393642e+01
3.506344e+02 2.923783e+02 2.923783e+02 3.506344e+02
2.327447e+02 2.923783e+02 2.923783e+02 2.327447e+02
3.718829e+02 0.000000e+00 3.163493e+02 5.553364e+01
2.418469e+02 0.000000e+00 3.163493e+02 -7.450235e+01
1.683817e+02 0.000000e+00 2.071163e+02 -3.873464e+01
2.482189e+02 0.000000e+00 2.071163e+02 4.110263e+01
1.805993e+02 0.000000e+00 1.580039e+02 2.259536e+01
1.357358e+02 0.000000e+00 1.580039e+02 -2.226820e+01
1.183341e+02 0.000000e+00 1.207725e+02 -2.438387e+00
1.225020e+02 0.000000e+00 1.207725e+02 1.729576e+00
2.341135e+02 0.000000e+00 1.960964e+02 3.801712e+01
1.698537e+02 0.000000e+00 1.960964e+02 -2.624270e+01
2.279002e+02 0.000000e+00 2.048803e+02 2.301991e+01
1.794506e+02 0.000000e+00 2.048803e+02 -2.542974e+01
2.895872e+01 0.000000e+00 8.403834e+01 -5.507962e+01
1.240342e+02 0.000000e+00 8.403834e+01 3.999584e+01
1.922870e+02 0.000000e+00 1.679479e+02 2.433911e+01
1.470446e+02 0.000000e+00 1.679479e+02 -2.090325e+01
2.052318e+02 0.000000e+00 2.220022e+02 -1.677037e+01
2.390692e+02 0.000000e+00 2.220022e+02 1.706699e+01
1.895736e+02 0.000000e+00 1.922348e+02 -2.661121e+00
1.973164e+02 0.000000e+00 1.922348e+02 5.081602e+00
2.558694e+02 0.000000e+00 2.269011e+02 2.896832e+01
1.956345e+02 0.000000e+00 2.269011e+02 -3.126660e+01
3.602106e+02 0.000000e+00 3.242155e+02 3.599509e+01
2.871440e+02 0.000000e+00 3.242155e+02 -3.707144e+01
1.403468e+02 0.000000e+00 1.358916e+02 4.455147e+00
1.313018e+02 0.000000e+00 1.358916e+02 -4.589806e+00
2.059618e+02 0.000000e+00 1.339078e+02 7.205406e+01
6.497542e+01 0.000000e+00 1.339078e+02 -6.893234e+01
4.414701e+01 0.000000e+00 3.557066e+01 8.576349e+00
2.645100e+01 0.000000e+00 3.557066e+01 -9.119657e+00
2.866340e+02 0.000000e+00 2.456500e+02 4.098400e+01
2.283102e+02 0.000000e+00 2.456500e+02 -1.733978e+01
1.529251e+02 0.000000e+00 1.460146e+02 6.910531e+00
1.372321e+02 0.000000e+00 1.460146e+02 -8.782537e+00
3.002178e+02 0.000000e+00 3.283112e+02 -2.809344e+01
3.550283e+02 0.000000e+00 3.283112e+02 2.671707e+01
1.805959e+02 0.000000e+00 9.965402e+01 8.094184e+01
3.378727e+01 0.000000e+00 9.965402e+01 -6.586676e+01
1.259607e+02 0.000000e+00 1.208568e+02 5.103896e+00
1.147942e+02 0.000000e+00 1.208568e+02 -6.062682e+00
1.500444e+02 0.000000e+00 1.576795e+02 -7.635015e+00
1.676080e+02 0.000000e+00 1.576795e+02 9.928576e+00
8.534388e+01 0.000000e+00 1.476487e+02 -6.230485e+01
2.229992e+02 0.000000e+00 1.476487e+02 7.535047e+01
1.831973e+02 0.000000e+00 1.391479e+02 4.404933e+01
9.451253e+01 0.000000e+00 1.391479e+02 -4.463540e+01
