2.075888e+02 0.000000e+00 1.155343e+02 9.205455e+01
1.715693e+01 0.000000e+00 1.155343e+02 -9.837734e+01
6.007858e+01 0.000000e+00 3.652034e+01 2.355824e+01
1.486147e+01 0.000000e+00 3.652034e+01 -2.165887e+01
6.524443e+01 0.000000e+00 7.233650e+01 -7.092072e+00
7.880177e+01 0.000000e+00 7.233650e+01 6.465263e+00
9.949921e+01 0.000000e+00 9.711590e+01 2.383308e+00
9.413463e+01 0.000000e+00 9.711590e+01 -2.981270e+00
2.173822e+02 0.000000e+00 2.222747e+02 -4.892517e+00
2.275083e+02 0.000000e+00 2.222747e+02 5.233612e+00
2.132957e+02 0.000000e+00 1.302610e+02 8.303477e+01
2.662250e+01 0.000000e+00 1.302610e+02 -1.036385e+02
8.468129e+01 0.000000e+00 1.233303e+02 -3.864905e+01
1.722658e+02 0.000000e+00 1.233303e+02 4.893549e+01
2.382245e+02 0.000000e+00 2.377906e+02 4.339142e-01
2.373729e+02 0.000000e+00 2.377906e+02 -4.177094e-01
3.714502e+02 0.000000e+00 2.584548e+02 1.129955e+02
1.324220e+02 0.000000e+00 2.584548e+02 -1.260328e+02
-2.760701e+00 0.000000e+00 5.592610e+01 -5.868680e+01
9.325244e+01 0.000000e+00 5.592610e+01 3.732634e+01
2.778251e+02 0.000000e+00 2.593685e+02 1.845660e+01
2.435168e+02 0.000000e+00 2.593685e+02 -1.585168e+01
1.699388e+01 0.000000e+00 4.953518e+01 -3.254130e+01
8.307088e+01 0.000000e+00 4.953518e+01 3.353570e+01
1.872595e+02 0.000000e+00 1.494731e+02 3.778642e+01
1.083253e+02 0.000000e+00 1.494731e+02 -4.114777e+01
1.747042e+02 0.000000e+00 1.472556e+02 2.744858e+01
1.146047e+02 0.000000e+00 1.472556e+02 -3.265096e+01
8.047027e+02 8.159543e+02 8.159543e+02 8.047027e+02
8.326030e+02 8.159543e+02 8.159543e+02 8.326030e+02
-4.709634e+01 0.000000e+00 -3.396455e+01 -1.313178e+01
-2.176224e+01 0.000000e+00 -3.396455e+01 1.220232e+01
1.294201e+02 0.000000e+00 1.074273e+02 2.199282e+01
8.679348e+01 0.000000e+00 1.074273e+02 -2.063380e+01
2.220325e+02 0.000000e+00 1.823855e+02 3.964702e+01
1.428822e+02 0.000000e+00 1.823855e+02 -3.950320e+01
1.940279e+02 0.000000e+00 1.713048e+02 2.272311e+01
1.542408e+02 0.000000e+00 1.713048e+02 -1.706396e+01
4.369109e+01 0.000000e+00 3.646476e+01 7.226326e+00
2.899048e+01 0.000000e+00 3.646476e+01 -7.474281e+00
2.010833e+02 0.000000e+00 1.818952e+02 1.918816e+01
1.601918e+02 0.000000e+00 1.818952e+02 -2.170334e+01
6.445516e+01 0.000000e+00 2.693432e+01 3.752085e+01
-9.479388e+00 0.000000e+00 2.693432e+01 -3.641370e+01
2.389447e+01 0.000000e+00 2.812872e+01 -4.234245e+00
3.386285e+01 0.000000e+00 2.812872e+01 5.734131e+00
1.022090e+02 0.000000e+00 8.662438e+01 1.558463e+01
6.810537e+01 0.000000e+00 8.662438e+01 -1.851901e+01
5.345325e+01 0.000000e+00 9.914417e+01 -4.569092e+01
1.476363e+02 0.000000e+00 9.914417e+01 4.849215e+01
2.317575e+02 0.000000e+00 2.273590e+02 4.398499e+00
2.219109e+02 0.000000e+00 2.273590e+02 -5.448151e+00
