7.134474e+01 0.000000e+00 2.773879e+01 4.360595e+01
-1.355418e+01 0.000000e+00 2.773879e+01 -4.129297e+01
1.560997e+02 0.000000e+00 1.314150e+02 2.468472e+01
1.069836e+02 0.000000e+00 1.314150e+02 -2.443139e+01
3.173597e+01 0.000000e+00 -2.260799e+01 5.434396e+01
-7.406813e+01 0.000000e+00 -2.260799e+01 -5.146013e+01
1.892167e+02 0.000000e+00 1.451219e+02 4.409477e+01
9.371918e+01 0.000000e+00 1.451219e+02 -5.140275e+01
1.000784e+02 0.000000e+00 1.552792e+02 -5.520079e+01
2.191737e+02 0.000000e+00 1.552792e+02 6.389445e+01
8.900819e+01 0.000000e+00 5.823938e+01 3.076881e+01
2.541106e+01 0.000000e+00 5.823938e+01 -3.282833e+01
7.472747e+01 0.000000e+00 7.882585e+01 -4.098383e+00
8.286235e+01 0.000000e+00 7.882585e+01 4.036496e+00
1.192590e+02 0.000000e+00 8.422643e+01 3.503255e+01
4.881973e+01 0.000000e+00 8.422643e+01 -3.540670e+01
1.249270e+02 0.000000e+00 1.131283e+02 1.179877e+01
1.017286e+02 0.000000e+00 1.131283e+02 -1.139967e+01
5.237731e+01 0.000000e+00 1.086439e+02 -5.626655e+01
1.528936e+02 0.000000e+00 1.086439e+02 4.424970e+01
1.388551e+02 0.000000e+00 1.056543e+02 3.320084e+01
7.799686e+01 0.000000e+00 1.056543e+02 -2.765739e+01
1.702497e+02 0.000000e+00 1.637283e+02 6.521417e+00
1.592892e+02 0.000000e+00 1.637283e+02 -4.439081e+00
2.295694e+02 2.380342e+02 2.380342e+02 2.295694e+02
2.473744e+02 2.380342e+02 2.380342e+02 2.473744e+02
7.410212e+01 0.000000e+00 7.646654e+01 -2.364420e+00
7.915802e+01 0.000000e+00 7.646654e+01 2.691480e+00
2.455907e+02 0.000000e+00 2.376795e+02 7.911147e+00
2.311404e+02 0.000000e+00 2.376795e+02 -6.539146e+00
8.242999e+01 0.000000e+00 8.947472e+01 -7.044728e+00
9.566833e+01 0.000000e+00 8.947472e+01 6.193610e+00
1.861196e+02 0.000000e+00 1.567640e+02 2.935551e+01
1.354479e+02 0.000000e+00 1.567640e+02 -2.131617e+01
5.241333e+01 0.000000e+00 4.564952e+01 6.763810e+00
3.774770e+01 0.000000e+00 4.564952e+01 -7.901823e+00
1.706047e+02 0.000000e+00 1.515299e+02 1.907481e+01
1.405706e+02 0.000000e+00 1.515299e+02 -1.095928e+01
1.345101e+02 0.000000e+00 1.068490e+02 2.766112e+01
7.505750e+01 0.000000e+00 1.068490e+02 -3.179147e+01
1.948738e+02 0.000000e+00 1.917045e+02 3.169307e+00
1.892200e+02 0.000000e+00 1.917045e+02 -2.484507e+00
1.343151e+02 0.000000e+00 6.700303e+01 6.731210e+01
3.998695e+00 0.000000e+00 6.700303e+01 -6.300434e+01
2.669031e+01 0.000000e+00 3.495368e+01 -8.263371e+00
4.266925e+01 0.000000e+00 3.495368e+01 7.715576e+00
8.079711e+01 0.000000e+00 8.891747e+01 -8.120366e+00
9.649535e+01 0.000000e+00 8.891747e+01 7.577877e+00
2.398271e+01 0.000000e+00 4.216761e+01 -1.818489e+01
6.624501e+01 0.000000e+00 4.216761e+01 2.407740e+01
1.062149e+02 0.000000e+00 7.435877e+01 3.185610e+01
4.240282e+01 0.000000e+00 7.435877e+01 -3.195595e+01
