9.791021e+01 0.000000e+00 2.155213e+01 7.635808e+01
-5.636170e+01 0.000000e+00 2.155213e+01 -7.791384e+01
1.669166e+02 0.000000e+00 1.546391e+02 1.227750e+01
1.449790e+02 0.000000e+00 1.546391e+02 -9.660017e+00
3.233884e+01 0.000000e+00 3.753240e+01 -5.193563e+00
4.090847e+01 0.000000e+00 3.753240e+01 3.376069e+00
1.907117e+02 0.000000e+00 1.497517e+02 4.096001e+01
9.484483e+01 0.000000e+00 1.497517e+02 -5.490683e+01
1.531789e+02 0.000000e+00 1.918236e+02 -3.864469e+01
2.368758e+02 0.000000e+00 1.918236e+02 4.505216e+01
1.408267e+02 0.000000e+00 1.079759e+02 3.285085e+01
7.656895e+01 0.000000e+00 1.079759e+02 -3.140690e+01
8.042650e+01 0.000000e+00 8.309345e+01 -2.666946e+00
8.559621e+01 0.000000e+00 8.309345e+01 2.502758e+00
1.841036e+02 0.000000e+00 1.458609e+02 3.824272e+01
1.078882e+02 0.000000e+00 1.458609e+02 -3.797269e+01
1.559100e+02 0.000000e+00 1.505448e+02 5.365211e+00
1.437482e+02 0.000000e+00 1.505448e+02 -6.796564e+00
5.125186e+01 0.000000e+00 1.255819e+02 -7.433003e+01
1.835647e+02 0.000000e+00 1.255819e+02 5.798277e+01
1.865438e+02 0.000000e+00 1.340057e+02 5.253813e+01
9.204028e+01 0.000000e+00 1.340057e+02 -4.196543e+01
1.566301e+02 0.000000e+00 1.692426e+02 -1.261257e+01
1.864201e+02 0.000000e+00 1.692426e+02 1.717742e+01
2.270564e+02 0.000000e+00 2.417777e+02 -1.472138e+01
2.561165e+02 0.000000e+00 2.417777e+02 1.433873e+01
1.258930e+02 0.000000e+00 1.536803e+02 -2.778728e+01
1.843539e+02 0.000000e+00 1.536803e+02 3.067365e+01
3.315592e+02 0.000000e+00 3.141721e+02 1.738710e+01
2.978271e+02 0.000000e+00 3.141721e+02 -1.634507e+01
1.325548e+02 0.000000e+00 1.318672e+02 6.875363e-01
1.303260e+02 0.000000e+00 1.318672e+02 -1.541194e+00
2.162448e+02 0.000000e+00 1.852105e+02 3.103432e+01
1.521615e+02 0.000000e+00 1.852105e+02 -3.304897e+01
1.096089e+02 0.000000e+00 9.323151e+01 1.637736e+01
7.657980e+01 0.000000e+00 9.323151e+01 -1.665171e+01
2.848344e+02 0.000000e+00 2.508906e+02 3.394382e+01
2.375774e+02 0.000000e+00 2.508906e+02 -1.331324e+01
1.031987e+02 0.000000e+00 9.692234e+01 6.276316e+00
8.934668e+01 0.000000e+00 9.692234e+01 -7.575662e+00
1.902012e+02 0.000000e+00 2.254753e+02 -3.527411e+01
2.632026e+02 0.000000e+00 2.254753e+02 3.772734e+01
1.595243e+02 0.000000e+00 1.449787e+02 1.454565e+01
1.349240e+02 0.000000e+00 1.449787e+02 -1.005472e+01
5.858784e+01 0.000000e+00 6.057145e+01 -1.983614e+00
5.739761e+01 0.000000e+00 6.057145e+01 -3.173839e+00
1.421627e+02 0.000000e+00 1.285080e+02 1.365462e+01
1.134012e+02 0.000000e+00 1.285080e+02 -1.510682e+01
2.092881e+02 2.583596e+02 2.583596e+02 2.092881e+02
3.173588e+02 2.583596e+02 2.583596e+02 3.173588e+02
1.215980e+02 0.000000e+00 1.097080e+02 1.188998e+01
9.718576e+01 0.000000e+00 1.097080e+02 -1.252221e+01
