9.927174e+01 0.000000e+00 6.726142e+01 3.201032e+01
3.733791e+01 0.000000e+00 6.726142e+01 -2.992351e+01
1.532935e+02 0.000000e+00 1.262178e+02 2.707566e+01
1.006361e+02 0.000000e+00 1.262178e+02 -2.558177e+01
9.610255e+01 0.000000e+00 2.197920e+01 7.412334e+01
-4.967483e+01 0.000000e+00 2.197920e+01 -7.165403e+01
2.582515e+02 0.000000e+00 2.180067e+02 4.024480e+01
1.700146e+02 0.000000e+00 2.180067e+02 -4.799212e+01
1.274582e+02 0.000000e+00 1.801438e+02 -5.268559e+01
2.388425e+02 0.000000e+00 1.801438e+02 5.869870e+01
1.236663e+02 0.000000e+00 9.588107e+01 2.778520e+01
6.769004e+01 0.000000e+00 9.588107e+01 -2.819103e+01
1.022799e+02 0.000000e+00 1.033450e+02 -1.065130e+00
1.040435e+02 0.000000e+00 1.033450e+02 6.984528e-01
1.696203e+02 0.000000e+00 1.266848e+02 4.293552e+01
8.574104e+01 0.000000e+00 1.266848e+02 -4.094375e+01
1.225107e+02 0.000000e+00 1.190232e+02 3.487569e+00
1.152747e+02 0.000000e+00 1.190232e+02 -3.748407e+00
6.700880e+01 0.000000e+00 1.199823e+02 -5.297352e+01
1.598026e+02 0.000000e+00 1.199823e+02 3.982029e+01
1.444275e+02 0.000000e+00 1.089149e+02 3.551267e+01
7.881706e+01 0.000000e+00 1.089149e+02 -3.009781e+01
2.739243e+02 0.000000e+00 2.459774e+02 2.794698e+01
2.112903e+02 0.000000e+00 2.459774e+02 -3.468709e+01
1.471002e+02 0.000000e+00 1.594796e+02 -1.237942e+01
1.728179e+02 0.000000e+00 1.594796e+02 1.333821e+01
1.110334e+02 0.000000e+00 1.126238e+02 -1.590394e+00
1.147650e+02 0.000000e+00 1.126238e+02 2.141243e+00
3.189653e+02 0.000000e+00 3.145522e+02 4.413076e+00
3.112789e+02 0.000000e+00 3.145522e+02 -3.273295e+00
1.150954e+02 0.000000e+00 1.212267e+02 -6.131214e+00
1.261214e+02 0.000000e+00 1.212267e+02 4.894706e+00
1.921243e+02 0.000000e+00 1.610001e+02 3.112419e+01
1.358716e+02 0.000000e+00 1.610001e+02 -2.512847e+01
1.090757e+02 0.000000e+00 9.406270e+01 1.501297e+01
7.778260e+01 0.000000e+00 9.406270e+01 -1.628010e+01
1.272848e+02 0.000000e+00 1.440927e+02 -1.680787e+01
1.476274e+02 0.000000e+00 1.440927e+02 3.534748e+00
1.435749e+02 0.000000e+00 1.126426e+02 3.093229e+01
7.909945e+01 0.000000e+00 1.126426e+02 -3.354312e+01
1.862850e+02 0.000000e+00 1.903646e+02 -4.079649e+00
1.931414e+02 0.000000e+00 1.903646e+02 2.776807e+00
1.814317e+02 0.000000e+00 1.099730e+02 7.145877e+01
4.669090e+01 0.000000e+00 1.099730e+02 -6.328206e+01
6.523235e+01 0.000000e+00 7.377109e+01 -8.538741e+00
8.149926e+01 0.000000e+00 7.377109e+01 7.728173e+00
1.133233e+02 0.000000e+00 1.120494e+02 1.273893e+00
1.108319e+02 0.000000e+00 1.120494e+02 -1.217540e+00
5.177897e+01 0.000000e+00 6.949178e+01 -1.771280e+01
9.202455e+01 0.000000e+00 6.949178e+01 2.253277e+01
3.013039e+02 2.593801e+02 2.593801e+02 3.013039e+02
2.209067e+02 2.593801e+02 2.593801e+02 2.209067e+02
