1.070125e+02 0.000000e+00 3.747986e+01 6.953268e+01
-4.135818e+01 0.000000e+00 3.747986e+01 -7.883804e+01
2.357109e+02 0.000000e+00 1.120386e+02 1.236723e+02
-4.507545e+00 0.000000e+00 1.120386e+02 -1.165462e+02
3.145934e+01 0.000000e+00 2.105563e+01 1.040371e+01
1.349880e+01 0.000000e+00 2.105563e+01 -7.556831e+00
2.430044e+02 0.000000e+00 1.139996e+02 1.290048e+02
-2.660091e+00 0.000000e+00 1.139996e+02 -1.166597e+02
3.977631e+01 0.000000e+00 1.673892e+02 -1.276129e+02
2.957250e+02 0.000000e+00 1.673892e+02 1.283358e+02
1.343164e+02 0.000000e+00 9.146252e+01 4.285385e+01
5.362733e+01 0.000000e+00 9.146252e+01 -3.783520e+01
2.273066e+01 0.000000e+00 -9.665627e+00 3.239629e+01
-3.857491e+01 0.000000e+00 -9.665627e+00 -2.890928e+01
2.695364e+01 0.000000e+00 2.269123e+01 4.262417e+00
1.398332e+01 0.000000e+00 2.269123e+01 -8.707903e+00
1.192557e+02 0.000000e+00 1.026839e+02 1.657173e+01
8.810486e+01 0.000000e+00 1.026839e+02 -1.457908e+01
5.173274e+01 0.000000e+00 6.285013e+01 -1.111739e+01
7.581887e+01 0.000000e+00 6.285013e+01 1.296874e+01
1.272252e+02 0.000000e+00 7.064426e+01 5.658098e+01
2.635264e+01 0.000000e+00 7.064426e+01 -4.429163e+01
1.719130e+02 0.000000e+00 6.423800e+01 1.076750e+02
-4.362187e+01 0.000000e+00 6.423800e+01 -1.078599e+02
1.286879e+02 0.000000e+00 1.073152e+02 2.137276e+01
7.927047e+01 0.000000e+00 1.073152e+02 -2.804469e+01
9.507967e+01 0.000000e+00 4.597764e+01 4.910204e+01
-1.025894e+01 0.000000e+00 4.597764e+01 -5.623658e+01
1.218220e+02 0.000000e+00 1.146615e+02 7.160423e+00
1.078413e+02 0.000000e+00 1.146615e+02 -6.820267e+00
9.013789e+01 0.000000e+00 6.558042e+01 2.455746e+01
4.124294e+01 0.000000e+00 6.558042e+01 -2.433749e+01
1.094522e+02 0.000000e+00 1.190345e+02 -9.582275e+00
1.275419e+02 0.000000e+00 1.190345e+02 8.507454e+00
-1.188890e+02 0.000000e+00 -4.708464e+01 -7.180432e+01
2.935867e+01 0.000000e+00 -4.708464e+01 7.644331e+01
2.466915e+02 0.000000e+00 1.948614e+02 5.183012e+01
1.715044e+02 0.000000e+00 1.948614e+02 -2.335703e+01
9.131354e+02 7.373629e+02 7.373629e+02 9.131354e+02
5.629019e+02 7.373629e+02 7.373629e+02 5.629019e+02
1.585610e+02 0.000000e+00 1.747707e+02 -1.620972e+01
1.905329e+02 0.000000e+00 1.747707e+02 1.576221e+01
2.078352e+02 0.000000e+00 1.104819e+02 9.735332e+01
4.863995e+00 0.000000e+00 1.104819e+02 -1.056179e+02
6.566626e+01 0.000000e+00 6.170087e+01 3.965385e+00
5.622588e+01 0.000000e+00 6.170087e+01 -5.474991e+00
-5.613538e+01 0.000000e+00 2.055872e+01 -7.669410e+01
1.058885e+02 0.000000e+00 2.055872e+01 8.532981e+01
-6.713226e+00 0.000000e+00 -9.175580e+00 2.462354e+00
-1.241537e+01 0.000000e+00 -9.175580e+00 -3.239795e+00
-3.648300e+01 0.000000e+00 -3.892806e+01 2.445065e+00
-4.126947e+01 0.000000e+00 -3.892806e+01 -2.341412e+00
