2.148797e+01 0.000000e+00 -2.059954e+01 4.208751e+01
-6.558420e+01 0.000000e+00 -2.059954e+01 -4.498466e+01
1.325519e+02 0.000000e+00 1.105841e+02 2.196780e+01
9.490079e+01 0.000000e+00 1.105841e+02 -1.568328e+01
-1.605149e+02 0.000000e+00 -7.728181e+01 -8.323305e+01
-1.000694e+01 0.000000e+00 -7.728181e+01 6.727488e+01
2.863466e+02 0.000000e+00 2.259392e+02 6.040741e+01
1.519312e+02 0.000000e+00 2.259392e+02 -7.400801e+01
7.721283e+01 0.000000e+00 1.474928e+02 -7.027995e+01
2.140927e+02 0.000000e+00 1.474928e+02 6.659990e+01
1.009655e+02 0.000000e+00 1.507494e+02 -4.978387e+01
1.905043e+02 0.000000e+00 1.507494e+02 3.975487e+01
8.124903e+00 0.000000e+00 -1.383652e+01 2.196142e+01
-3.587254e+01 0.000000e+00 -1.383652e+01 -2.203602e+01
2.198298e+02 0.000000e+00 2.988944e+02 -7.906454e+01
5.449923e+02 0.000000e+00 2.988944e+02 2.460979e+02
1.010797e+02 0.000000e+00 1.105911e+02 -9.511444e+00
1.193883e+02 0.000000e+00 1.105911e+02 8.797226e+00
2.573416e+02 4.183023e+02 4.183023e+02 2.573416e+02
5.490115e+02 4.183023e+02 4.183023e+02 5.490115e+02
1.433659e+02 0.000000e+00 1.291287e+02 1.423720e+01
1.152090e+02 0.000000e+00 1.291287e+02 -1.391968e+01
1.407974e+02 0.000000e+00 1.978220e+02 -5.702460e+01
2.702478e+02 0.000000e+00 1.978220e+02 7.242581e+01
1.937977e+02 0.000000e+00 1.666518e+02 2.714592e+01
1.386959e+02 0.000000e+00 1.666518e+02 -2.795590e+01
1.081334e+01 0.000000e+00 -3.958244e+01 5.039577e+01
-1.077191e+02 0.000000e+00 -3.958244e+01 -6.813662e+01
1.905760e+02 0.000000e+00 2.163739e+02 -2.579785e+01
2.453008e+02 0.000000e+00 2.163739e+02 2.892686e+01
1.047342e+02 0.000000e+00 1.000867e+02 4.647530e+00
9.576939e+01 0.000000e+00 1.000867e+02 -4.317329e+00
1.940433e+02 0.000000e+00 1.365180e+02 5.752533e+01
8.908855e+01 0.000000e+00 1.365180e+02 -4.742941e+01
1.197495e+02 0.000000e+00 3.789960e+01 8.184990e+01
-5.479520e+01 0.000000e+00 3.789960e+01 -9.269481e+01
2.578198e+02 0.000000e+00 2.258176e+02 3.200220e+01
2.060486e+02 0.000000e+00 2.258176e+02 -1.976901e+01
1.282039e+02 0.000000e+00 1.050664e+02 2.313754e+01
8.444477e+01 0.000000e+00 1.050664e+02 -2.062161e+01
2.248979e+02 0.000000e+00 2.405983e+02 -1.570042e+01
2.586872e+02 0.000000e+00 2.405983e+02 1.808890e+01
6.129309e+01 0.000000e+00 1.410836e+02 -7.979048e+01
2.261029e+02 0.000000e+00 1.410836e+02 8.501935e+01
9.550517e+01 0.000000e+00 7.756766e+01 1.793751e+01
4.862480e+01 0.000000e+00 7.756766e+01 -2.894286e+01
7.201013e+01 0.000000e+00 6.287192e+01 9.138214e+00
4.720741e+01 0.000000e+00 6.287192e+01 -1.566451e+01
9.479089e+01 0.000000e+00 8.363156e+01 1.115932e+01
7.012359e+01 0.000000e+00 8.363156e+01 -1.350797e+01
7.561433e+01 0.000000e+00 6.915406e+01 6.460274e+00
6.153656e+01 0.000000e+00 6.915406e+01 -7.617500e+00
