-5.811177e+01 0.000000e+00 -4.245331e+01 -1.565846e+01
-1.974838e+01 0.000000e+00 -4.245331e+01 2.270493e+01
1.599367e+02 0.000000e+00 1.018326e+02 5.810416e+01
1.376015e+00 0.000000e+00 1.018326e+02 -1.004565e+02
-4.610659e+01 0.000000e+00 -7.963770e+01 3.353111e+01
-1.196126e+02 0.000000e+00 -7.963770e+01 -3.997488e+01
2.039294e+01 0.000000e+00 4.583830e+01 -2.544536e+01
7.321059e+01 0.000000e+00 4.583830e+01 2.737229e+01
4.851984e+02 6.355939e+02 6.355939e+02 4.851984e+02
7.775671e+02 6.355939e+02 6.355939e+02 7.775671e+02
1.122212e+02 0.000000e+00 -1.028626e+01 1.225074e+02
-9.914803e+01 0.000000e+00 -1.028626e+01 -8.886177e+01
-2.990009e+01 0.000000e+00 9.029178e+00 -3.892927e+01
5.419576e+01 0.000000e+00 9.029178e+00 4.516658e+01
4.421691e+02 0.000000e+00 1.700384e+02 2.721307e+02
-2.086403e+01 0.000000e+00 1.700384e+02 -1.909024e+02
3.771729e+01 0.000000e+00 1.157839e+02 -7.806662e+01
2.003788e+02 0.000000e+00 1.157839e+02 8.459490e+01
-6.810700e+01 0.000000e+00 1.648032e+01 -8.458733e+01
7.327277e+01 0.000000e+00 1.648032e+01 5.679244e+01
1.679877e+01 0.000000e+00 -1.403624e+01 3.083500e+01
-3.310027e+01 0.000000e+00 -1.403624e+01 -1.906403e+01
4.108541e+02 0.000000e+00 3.279838e+02 8.287030e+01
2.035340e+02 0.000000e+00 3.279838e+02 -1.244499e+02
1.612830e+02 0.000000e+00 1.035686e+02 5.771441e+01
4.284153e+01 0.000000e+00 1.035686e+02 -6.072707e+01
1.788370e+02 0.000000e+00 2.100497e+02 -3.121271e+01
2.518093e+02 0.000000e+00 2.100497e+02 4.175964e+01
2.534405e+01 0.000000e+00 3.905313e+01 -1.370908e+01
5.608241e+01 0.000000e+00 3.905313e+01 1.702928e+01
1.348954e+02 0.000000e+00 1.508585e+02 -1.596315e+01
1.654471e+02 0.000000e+00 1.508585e+02 1.458853e+01
-3.203315e+02 0.000000e+00 -1.320703e+02 -1.882612e+02
9.578902e+01 0.000000e+00 -1.320703e+02 2.278593e+02
-1.345404e+02 0.000000e+00 -1.037303e+02 -3.081007e+01
-7.228631e+01 0.000000e+00 -1.037303e+02 3.144403e+01
4.003799e+02 0.000000e+00 3.763266e+02 2.405328e+01
3.565439e+02 0.000000e+00 3.763266e+02 -1.978271e+01
1.282703e+02 0.000000e+00 9.144839e+01 3.682192e+01
5.215430e+01 0.000000e+00 9.144839e+01 -3.929409e+01
5.484108e+01 0.000000e+00 1.023915e+02 -4.755047e+01
1.426976e+02 0.000000e+00 1.023915e+02 4.030601e+01
2.333960e+01 0.000000e+00 -5.300148e+01 7.634108e+01
-1.227657e+02 0.000000e+00 -5.300148e+01 -6.976420e+01
-9.091789e+01 0.000000e+00 -8.879371e+01 -2.124184e+00
-8.664752e+01 0.000000e+00 -8.879371e+01 2.146187e+00
7.414654e+01 0.000000e+00 6.148205e+01 1.266449e+01
4.626540e+01 0.000000e+00 6.148205e+01 -1.521666e+01
-8.879943e+01 0.000000e+00 -3.639001e+01 -5.240942e+01
3.071368e+01 0.000000e+00 -3.639001e+01 6.710368e+01
2.195572e+00 0.000000e+00 -3.593862e+01 3.813419e+01
-6.727718e+01 0.000000e+00 -3.593862e+01 -3.133856e+01
