4.935362e+01 0.000000e+00 1.472645e+01 3.462716e+01
-1.891223e+01 0.000000e+00 1.472645e+01 -3.363868e+01
1.537076e+02 0.000000e+00 1.349284e+02 1.877920e+01
1.176632e+02 0.000000e+00 1.349284e+02 -1.726521e+01
7.623682e+00 0.000000e+00 -2.291095e+01 3.053463e+01
-5.004684e+01 0.000000e+00 -2.291095e+01 -2.713589e+01
1.626973e+02 0.000000e+00 1.254034e+02 3.729386e+01
8.331059e+01 0.000000e+00 1.254034e+02 -4.209286e+01
1.041475e+02 0.000000e+00 1.652416e+02 -6.109417e+01
2.368564e+02 0.000000e+00 1.652416e+02 7.161480e+01
8.726249e+01 0.000000e+00 5.051114e+01 3.675135e+01
9.549417e+00 0.000000e+00 5.051114e+01 -4.096172e+01
4.546452e+01 0.000000e+00 5.705940e+01 -1.159488e+01
6.854205e+01 0.000000e+00 5.705940e+01 1.148265e+01
7.710533e+01 0.000000e+00 5.725580e+01 1.984953e+01
3.883996e+01 0.000000e+00 5.725580e+01 -1.841584e+01
1.006685e+02 0.000000e+00 9.256243e+01 8.106050e+00
8.411837e+01 0.000000e+00 9.256243e+01 -8.444063e+00
5.326158e+01 0.000000e+00 9.835440e+01 -4.509282e+01
1.336285e+02 0.000000e+00 9.835440e+01 3.527406e+01
2.657694e+02 2.147568e+02 2.147568e+02 2.657694e+02
1.708682e+02 2.147568e+02 2.147568e+02 1.708682e+02
1.556460e+02 0.000000e+00 1.510272e+02 4.618779e+00
1.476202e+02 0.000000e+00 1.510272e+02 -3.407057e+00
1.009068e+02 0.000000e+00 1.108888e+02 -9.981932e+00
1.211494e+02 0.000000e+00 1.108888e+02 1.026066e+01
6.952134e+01 0.000000e+00 6.808992e+01 1.431427e+00
6.713095e+01 0.000000e+00 6.808992e+01 -9.589620e-01
2.144982e+02 0.000000e+00 2.093131e+02 5.185123e+00
2.054874e+02 0.000000e+00 2.093131e+02 -3.825728e+00
5.269083e+01 0.000000e+00 5.467497e+01 -1.984143e+00
5.594242e+01 0.000000e+00 5.467497e+01 1.267448e+00
1.504134e+02 0.000000e+00 1.309041e+02 1.950938e+01
1.167794e+02 0.000000e+00 1.309041e+02 -1.412465e+01
6.386807e+01 0.000000e+00 5.479263e+01 9.075444e+00
4.497822e+01 0.000000e+00 5.479263e+01 -9.814405e+00
2.184054e+02 0.000000e+00 1.586869e+02 5.971846e+01
1.321855e+02 0.000000e+00 1.586869e+02 -2.650146e+01
1.018561e+02 0.000000e+00 8.934888e+01 1.250718e+01
7.554357e+01 0.000000e+00 8.934888e+01 -1.380531e+01
1.796643e+02 0.000000e+00 1.654775e+02 1.418677e+01
1.517045e+02 0.000000e+00 1.654775e+02 -1.377306e+01
1.212811e+02 0.000000e+00 6.379719e+01 5.748391e+01
1.052919e+01 0.000000e+00 6.379719e+01 -5.326800e+01
3.779475e+01 0.000000e+00 4.470522e+01 -6.910469e+00
5.226377e+01 0.000000e+00 4.470522e+01 7.558543e+00
7.852916e+01 0.000000e+00 8.369517e+01 -5.166010e+00
8.950551e+01 0.000000e+00 8.369517e+01 5.810339e+00
2.834335e+01 0.000000e+00 5.011987e+01 -2.177653e+01
7.797011e+01 0.000000e+00 5.011987e+01 2.785024e+01
6.974460e+01 0.000000e+00 4.659459e+01 2.315001e+01
2.228936e+01 0.000000e+00 4.659459e+01 -2.430523e+01
