8.879024e+01 0.000000e+00 4.676967e+01 4.202058e+01
4.522144e+00 0.000000e+00 4.676967e+01 -4.224752e+01
1.564226e+02 0.000000e+00 1.312266e+02 2.519605e+01
1.075070e+02 0.000000e+00 1.312266e+02 -2.371959e+01
6.584306e+01 0.000000e+00 5.236103e+00 6.060695e+01
-5.509518e+01 0.000000e+00 5.236103e+00 -6.033129e+01
2.248857e+02 0.000000e+00 1.840902e+02 4.079548e+01
1.338268e+02 0.000000e+00 1.840902e+02 -5.026344e+01
1.281609e+02 0.000000e+00 1.746149e+02 -4.645396e+01
2.268396e+02 0.000000e+00 1.746149e+02 5.222468e+01
1.106085e+02 0.000000e+00 8.312666e+01 2.748186e+01
5.606258e+01 0.000000e+00 8.312666e+01 -2.706408e+01
1.066453e+02 0.000000e+00 1.057842e+02 8.610902e-01
1.052300e+02 0.000000e+00 1.057842e+02 -5.541612e-01
1.795438e+02 0.000000e+00 1.391955e+02 4.034829e+01
1.038691e+02 0.000000e+00 1.391955e+02 -3.532646e+01
1.431766e+02 0.000000e+00 1.406033e+02 2.573274e+00
1.377738e+02 0.000000e+00 1.406033e+02 -2.829480e+00
8.616970e+01 0.000000e+00 1.357314e+02 -4.956172e+01
1.741101e+02 0.000000e+00 1.357314e+02 3.837870e+01
1.291277e+02 0.000000e+00 1.056813e+02 2.344638e+01
8.782503e+01 0.000000e+00 1.056813e+02 -1.785632e+01
2.011636e+02 0.000000e+00 1.914793e+02 9.684311e+00
1.829176e+02 0.000000e+00 1.914793e+02 -8.561711e+00
1.617102e+02 0.000000e+00 1.721874e+02 -1.047724e+01
1.832256e+02 0.000000e+00 1.721874e+02 1.103818e+01
1.227246e+02 0.000000e+00 1.256308e+02 -2.906112e+00
1.281990e+02 0.000000e+00 1.256308e+02 2.568227e+00
3.220520e+02 0.000000e+00 3.119221e+02 1.012992e+01
3.030909e+02 0.000000e+00 3.119221e+02 -8.831212e+00
2.717741e+02 2.606387e+02 2.606387e+02 2.717741e+02
2.503506e+02 2.606387e+02 2.606387e+02 2.503506e+02
2.212207e+02 0.000000e+00 1.879707e+02 3.324998e+01
1.602874e+02 0.000000e+00 1.879707e+02 -2.768330e+01
9.057460e+01 0.000000e+00 7.657871e+01 1.399589e+01
6.146987e+01 0.000000e+00 7.657871e+01 -1.510884e+01
1.475078e+02 0.000000e+00 1.447121e+02 2.795755e+00
1.478564e+02 0.000000e+00 1.447121e+02 3.144295e+00
1.456703e+02 0.000000e+00 1.255509e+02 2.011946e+01
1.034629e+02 0.000000e+00 1.255509e+02 -2.208801e+01
2.466111e+02 0.000000e+00 2.654868e+02 -1.887567e+01
2.850777e+02 0.000000e+00 2.654868e+02 1.959094e+01
1.713174e+02 0.000000e+00 1.092932e+02 6.202414e+01
5.446060e+01 0.000000e+00 1.092932e+02 -5.483261e+01
4.781378e+01 0.000000e+00 5.853441e+01 -1.072063e+01
6.751150e+01 0.000000e+00 5.853441e+01 8.977091e+00
1.081369e+02 0.000000e+00 1.025841e+02 5.552797e+00
9.448420e+01 0.000000e+00 1.025841e+02 -8.099931e+00
4.814617e+01 0.000000e+00 7.171181e+01 -2.356564e+01
1.021591e+02 0.000000e+00 7.171181e+01 3.044729e+01
1.244592e+02 0.000000e+00 1.020949e+02 2.236430e+01
7.924675e+01 0.000000e+00 1.020949e+02 -2.284815e+01
