2.850622e+02 0.000000e+00 1.027471e+02 1.823150e+02
-1.430418e+02 0.000000e+00 1.027471e+02 -2.457889e+02
2.981515e+02 0.000000e+00 2.570931e+02 4.105835e+01
2.245784e+02 0.000000e+00 2.570931e+02 -3.251474e+01
1.882336e+02 0.000000e+00 1.377612e+02 5.047243e+01
9.604010e+01 0.000000e+00 1.377612e+02 -4.172105e+01
1.520048e+02 0.000000e+00 8.031088e+01 7.169391e+01
1.748961e+01 0.000000e+00 8.031088e+01 -6.282127e+01
5.623946e+01 0.000000e+00 1.326082e+02 -7.636874e+01
2.060253e+02 0.000000e+00 1.326082e+02 7.341705e+01
3.708196e+02 0.000000e+00 2.812757e+02 8.954395e+01
1.842655e+02 0.000000e+00 2.812757e+02 -9.701018e+01
1.497082e+02 0.000000e+00 1.448516e+02 4.856583e+00
1.388506e+02 0.000000e+00 1.448516e+02 -6.000961e+00
3.348243e+02 0.000000e+00 3.017989e+02 3.302548e+01
2.588978e+02 0.000000e+00 3.017989e+02 -4.290103e+01
3.527478e+02 0.000000e+00 3.363308e+02 1.641696e+01
3.176227e+02 0.000000e+00 3.363308e+02 -1.870816e+01
6.006286e+01 0.000000e+00 5.396114e+01 6.101719e+00
4.955159e+01 0.000000e+00 5.396114e+01 -4.409550e+00
1.677120e+02 0.000000e+00 1.287219e+02 3.899011e+01
9.467139e+01 0.000000e+00 1.287219e+02 -3.405047e+01
9.585599e+01 0.000000e+00 1.676323e+02 -7.177629e+01
2.514156e+02 0.000000e+00 1.676323e+02 8.378334e+01
3.430373e+02 0.000000e+00 3.551621e+02 -1.212479e+01
3.689544e+02 0.000000e+00 3.551621e+02 1.379236e+01
5.884372e+02 6.923127e+02 6.923127e+02 5.884372e+02
7.929832e+02 6.923127e+02 6.923127e+02 7.929832e+02
4.680596e+02 0.000000e+00 4.185965e+02 4.946317e+01
3.456667e+02 0.000000e+00 4.185965e+02 -7.292978e+01
2.434728e+02 0.000000e+00 1.760269e+02 6.744595e+01
1.214749e+02 0.000000e+00 1.760269e+02 -5.455199e+01
2.971124e+02 0.000000e+00 1.992139e+02 9.789845e+01
9.481414e+01 0.000000e+00 1.992139e+02 -1.043998e+02
3.001287e+02 0.000000e+00 2.523674e+02 4.776132e+01
2.084498e+02 0.000000e+00 2.523674e+02 -4.391760e+01
2.743369e+02 0.000000e+00 2.630997e+02 1.123715e+01
2.572865e+02 0.000000e+00 2.630997e+02 -5.813232e+00
3.651674e+02 0.000000e+00 3.606727e+02 4.494720e+00
3.564524e+02 0.000000e+00 3.606727e+02 -4.220306e+00
2.930484e+02 0.000000e+00 3.656797e+02 -7.263129e+01
4.545467e+02 0.000000e+00 3.656797e+02 8.886703e+01
1.748767e+02 0.000000e+00 1.526160e+02 2.226070e+01
1.302718e+02 0.000000e+00 1.526160e+02 -2.234428e+01
5.158215e+01 0.000000e+00 6.753580e+01 -1.595365e+01
8.519714e+01 0.000000e+00 6.753580e+01 1.766134e+01
7.465329e+01 0.000000e+00 1.150928e+02 -4.043950e+01
1.552154e+02 0.000000e+00 1.150928e+02 4.012265e+01
1.611117e+02 0.000000e+00 2.285123e+02 -6.740060e+01
3.045849e+02 0.000000e+00 2.285123e+02 7.607254e+01
8.923851e+01 0.000000e+00 1.353664e+02 -4.612785e+01
1.789228e+02 0.000000e+00 1.353664e+02 4.355646e+01
