9.082487e+01 0.000000e+00 5.718221e+01 3.364267e+01
2.434611e+01 0.000000e+00 5.718221e+01 -3.283610e+01
1.580154e+02 0.000000e+00 1.338266e+02 2.418887e+01
1.125760e+02 0.000000e+00 1.338266e+02 -2.125057e+01
3.555145e+01 0.000000e+00 6.098420e-02 3.549046e+01
-3.170680e+01 0.000000e+00 6.098420e-02 -3.176779e+01
2.143512e+02 0.000000e+00 1.726656e+02 4.168567e+01
1.222984e+02 0.000000e+00 1.726656e+02 -5.036712e+01
1.473701e+02 0.000000e+00 1.807258e+02 -3.335574e+01
2.192300e+02 0.000000e+00 1.807258e+02 3.850415e+01
1.132092e+02 0.000000e+00 9.383947e+01 1.936973e+01
7.517428e+01 0.000000e+00 9.383947e+01 -1.866519e+01
8.303084e+01 0.000000e+00 7.983219e+01 3.198652e+00
7.577935e+01 0.000000e+00 7.983219e+01 -4.052842e+00
1.091277e+02 0.000000e+00 8.411849e+01 2.500916e+01
6.032630e+01 0.000000e+00 8.411849e+01 -2.379220e+01
1.177519e+02 0.000000e+00 1.174808e+02 2.710455e-01
1.170659e+02 0.000000e+00 1.174808e+02 -4.149426e-01
5.671198e+01 0.000000e+00 8.814136e+01 -3.142938e+01
1.122726e+02 0.000000e+00 8.814136e+01 2.413122e+01
1.732766e+02 0.000000e+00 1.352638e+02 3.801285e+01
1.015681e+02 0.000000e+00 1.352638e+02 -3.369568e+01
2.270163e+02 0.000000e+00 2.053480e+02 2.166835e+01
1.812075e+02 0.000000e+00 2.053480e+02 -2.414045e+01
1.255544e+02 0.000000e+00 1.341681e+02 -8.613739e+00
1.430537e+02 0.000000e+00 1.341681e+02 8.885634e+00
1.261085e+02 0.000000e+00 1.300422e+02 -3.933705e+00
1.342116e+02 0.000000e+00 1.300422e+02 4.169385e+00
2.596522e+02 0.000000e+00 2.511228e+02 8.529433e+00
2.434535e+02 0.000000e+00 2.511228e+02 -7.669264e+00
1.055758e+02 0.000000e+00 1.078357e+02 -2.259986e+00
1.102648e+02 0.000000e+00 1.078357e+02 2.429004e+00
2.231215e+02 0.000000e+00 1.840035e+02 3.911799e+01
1.546630e+02 0.000000e+00 1.840035e+02 -2.934054e+01
9.984930e+01 0.000000e+00 8.854192e+01 1.130739e+01
7.702197e+01 0.000000e+00 8.854192e+01 -1.151994e+01
2.185846e+02 0.000000e+00 1.660186e+02 5.256605e+01
1.423253e+02 0.000000e+00 1.660186e+02 -2.369327e+01
1.431858e+02 0.000000e+00 1.149936e+02 2.819219e+01
8.473975e+01 0.000000e+00 1.149936e+02 -3.025387e+01
1.657037e+02 0.000000e+00 1.637961e+02 1.907545e+00
1.617671e+02 0.000000e+00 1.637961e+02 -2.029064e+00
3.178017e+02 2.558394e+02 2.558394e+02 3.178017e+02
2.019215e+02 2.558394e+02 2.558394e+02 2.019215e+02
6.373516e+01 0.000000e+00 7.506094e+01 -1.132578e+01
8.754713e+01 0.000000e+00 7.506094e+01 1.248618e+01
1.158297e+02 0.000000e+00 1.156034e+02 2.262862e-01
1.146399e+02 0.000000e+00 1.156034e+02 -9.635073e-01
5.923818e+01 0.000000e+00 7.096928e+01 -1.173109e+01
8.492003e+01 0.000000e+00 7.096928e+01 1.395076e+01
1.279650e+02 0.000000e+00 9.512651e+01 3.283845e+01
6.446746e+01 0.000000e+00 9.512651e+01 -3.065906e+01
