-3.328525e+01 0.000000e+00 -1.949960e+00 -3.133529e+01
3.032397e+01 0.000000e+00 -1.949960e+00 3.227393e+01
2.322263e+02 0.000000e+00 2.301554e+02 2.070877e+00
2.272642e+02 0.000000e+00 2.301554e+02 -2.891190e+00
-1.239886e+02 0.000000e+00 -1.596879e+02 3.569927e+01
-2.012672e+02 0.000000e+00 -1.596879e+02 -4.157928e+01
2.467459e+02 0.000000e+00 2.202115e+02 2.653435e+01
1.909841e+02 0.000000e+00 2.202115e+02 -2.922745e+01
1.596578e+02 0.000000e+00 1.936416e+02 -3.398380e+01
2.350513e+02 0.000000e+00 1.936416e+02 4.140976e+01
1.848313e+02 0.000000e+00 2.199667e+02 -3.513542e+01
2.574064e+02 0.000000e+00 2.199667e+02 3.743973e+01
1.004699e+02 0.000000e+00 8.122076e+01 1.924910e+01
5.875866e+01 0.000000e+00 8.122076e+01 -2.246209e+01
2.028709e+01 0.000000e+00 3.003914e+01 -9.752056e+00
4.362581e+01 0.000000e+00 3.003914e+01 1.358667e+01
2.954715e+02 0.000000e+00 2.729851e+02 2.248639e+01
2.588099e+02 0.000000e+00 2.729851e+02 -1.417526e+01
1.231098e+02 0.000000e+00 1.231429e+02 -3.314209e-02
1.231701e+02 0.000000e+00 1.231429e+02 2.722931e-02
5.695238e+01 0.000000e+00 1.082921e+02 -5.133971e+01
1.640121e+02 0.000000e+00 1.082921e+02 5.572002e+01
1.476595e+03 1.099831e+03 1.099831e+03 1.476595e+03
8.432629e+02 1.099831e+03 1.099831e+03 8.432629e+02
1.684643e+02 0.000000e+00 2.046904e+02 -3.622614e+01
2.536390e+02 0.000000e+00 2.046904e+02 4.894855e+01
1.602376e+02 0.000000e+00 1.411923e+02 1.904526e+01
1.173316e+02 0.000000e+00 1.411923e+02 -2.386067e+01
2.085872e+02 0.000000e+00 2.108762e+02 -2.289001e+00
2.134713e+02 0.000000e+00 2.108762e+02 2.595108e+00
7.447311e+01 0.000000e+00 6.485783e+01 9.615273e+00
5.311208e+01 0.000000e+00 6.485783e+01 -1.174575e+01
1.347011e+02 0.000000e+00 9.647492e+01 3.822614e+01
5.908671e+01 0.000000e+00 9.647492e+01 -3.738821e+01
4.386983e+02 0.000000e+00 3.255493e+02 1.131490e+02
2.149892e+02 0.000000e+00 3.255493e+02 -1.105601e+02
3.025495e+02 0.000000e+00 3.268295e+02 -2.428000e+01
3.401955e+02 0.000000e+00 3.268295e+02 1.336597e+01
1.561845e+02 0.000000e+00 9.355170e+01 6.263284e+01
1.898058e+01 0.000000e+00 9.355170e+01 -7.457112e+01
3.776486e+02 0.000000e+00 4.260363e+02 -4.838766e+01
4.664006e+02 0.000000e+00 4.260363e+02 4.036438e+01
2.165013e+02 0.000000e+00 1.612247e+02 5.527663e+01
1.025252e+02 0.000000e+00 1.612247e+02 -5.869944e+01
8.211508e+01 0.000000e+00 1.979411e+02 -1.158260e+02
2.941998e+02 0.000000e+00 1.979411e+02 9.625871e+01
2.178887e+02 0.000000e+00 1.809808e+02 3.690790e+01
1.425548e+02 0.000000e+00 1.809808e+02 -3.842601e+01
1.168267e+02 0.000000e+00 1.169471e+02 -1.204529e-01
1.171633e+02 0.000000e+00 1.169471e+02 2.161560e-01
2.986713e+00 0.000000e+00 5.799725e+01 -5.501054e+01
1.203390e+02 0.000000e+00 5.799725e+01 6.234177e+01
