2.115756e+01 0.000000e+00 -1.479360e+01 3.595115e+01
-3.973835e+01 0.000000e+00 -1.479360e+01 -2.494475e+01
6.286737e+01 0.000000e+00 6.729768e+01 -4.430313e+00
7.126203e+01 0.000000e+00 6.729768e+01 3.964348e+00
-1.554406e+02 0.000000e+00 -1.386220e+02 -1.681860e+01
-1.241003e+02 0.000000e+00 -1.386220e+02 1.452170e+01
5.085413e+01 0.000000e+00 1.025409e+02 -5.168674e+01
1.656140e+02 0.000000e+00 1.025409e+02 6.307317e+01
2.035544e+02 0.000000e+00 1.916813e+02 1.187317e+01
1.795156e+02 0.000000e+00 1.916813e+02 -1.216565e+01
-4.462212e+01 0.000000e+00 -2.910264e+01 -1.551948e+01
-1.362824e+01 0.000000e+00 -2.910264e+01 1.547440e+01
2.848004e+02 2.637326e+02 2.637326e+02 2.848004e+02
2.408969e+02 2.637326e+02 2.637326e+02 2.408969e+02
-5.779968e+00 0.000000e+00 -3.118412e+01 2.540415e+01
-7.428047e+01 0.000000e+00 -3.118412e+01 -4.309636e+01
1.017567e+02 0.000000e+00 9.855328e+01 3.203369e+00
9.630563e+01 0.000000e+00 9.855328e+01 -2.247650e+00
-5.107775e+01 0.000000e+00 4.760244e+01 -9.868019e+01
1.437259e+02 0.000000e+00 4.760244e+01 9.612347e+01
2.233242e+02 0.000000e+00 1.310594e+02 9.226477e+01
2.850671e+01 0.000000e+00 1.310594e+02 -1.025527e+02
9.864101e+01 0.000000e+00 7.018129e+01 2.845972e+01
4.133921e+01 0.000000e+00 7.018129e+01 -2.884208e+01
1.273793e+01 0.000000e+00 1.787749e+01 -5.139559e+00
2.291250e+01 0.000000e+00 1.787749e+01 5.035011e+00
4.344876e+01 0.000000e+00 -2.977329e+00 4.642609e+01
-5.449207e+01 0.000000e+00 -2.977329e+00 -5.151474e+01
4.109663e+00 0.000000e+00 -3.376954e+01 3.787921e+01
-7.307812e+01 0.000000e+00 -3.376954e+01 -3.930857e+01
5.876321e+01 0.000000e+00 9.712376e+01 -3.836056e+01
1.289631e+02 0.000000e+00 9.712376e+01 3.183932e+01
-3.111116e+01 0.000000e+00 -4.227874e+01 1.116759e+01
-5.350945e+01 0.000000e+00 -4.227874e+01 -1.123070e+01
-1.325042e+02 0.000000e+00 -1.295656e+02 -2.938675e+00
-1.263731e+02 0.000000e+00 -1.295656e+02 3.192436e+00
2.091141e+02 0.000000e+00 2.153681e+02 -6.253998e+00
2.194322e+02 0.000000e+00 2.153681e+02 4.064163e+00
-1.998445e+01 0.000000e+00 -3.244246e+01 1.245802e+01
-4.158759e+01 0.000000e+00 -3.244246e+01 -9.145130e+00
1.843886e+02 0.000000e+00 1.710464e+02 1.334229e+01
1.571235e+02 0.000000e+00 1.710464e+02 -1.392285e+01
8.798267e+01 0.000000e+00 5.851398e+01 2.946870e+01
3.106209e+01 0.000000e+00 5.851398e+01 -2.745189e+01
-3.034226e+01 0.000000e+00 -1.012910e+02 7.094869e+01
-1.950975e+02 0.000000e+00 -1.012910e+02 -9.380650e+01
9.704705e+00 0.000000e+00 3.499309e+01 -2.528839e+01
6.429696e+01 0.000000e+00 3.499309e+01 2.930387e+01
2.336975e+00 0.000000e+00 3.785985e+01 -3.552288e+01
8.109300e+01 0.000000e+00 3.785985e+01 4.323315e+01
-4.448284e+00 0.000000e+00 8.094610e+00 -1.254289e+01
1.796182e+01 0.000000e+00 8.094610e+00 9.867208e+00
