5.311709e+02 3.905093e+02 3.905093e+02 5.311709e+02
2.333622e+02 3.905093e+02 3.905093e+02 2.333622e+02
3.266989e+02 0.000000e+00 1.925762e+02 1.341227e+02
5.043127e+01 0.000000e+00 1.925762e+02 -1.421449e+02
2.869248e+02 0.000000e+00 1.737405e+02 1.131843e+02
2.237705e+01 0.000000e+00 1.737405e+02 -1.513635e+02
3.709948e+02 0.000000e+00 2.511779e+02 1.198169e+02
5.510172e+01 0.000000e+00 2.511779e+02 -1.960762e+02
2.011370e+02 0.000000e+00 2.580668e+02 -5.692978e+01
3.272160e+02 0.000000e+00 2.580668e+02 6.914923e+01
2.542960e+02 0.000000e+00 1.951069e+02 5.918909e+01
1.416740e+02 0.000000e+00 1.951069e+02 -5.343292e+01
9.818536e+01 0.000000e+00 7.984035e+01 1.834501e+01
6.044672e+01 0.000000e+00 7.984035e+01 -1.939363e+01
1.754528e+02 0.000000e+00 1.315479e+02 4.390483e+01
5.380931e+01 0.000000e+00 1.315479e+02 -7.773862e+01
1.401344e+02 0.000000e+00 1.147313e+02 2.540318e+01
9.250917e+01 0.000000e+00 1.147313e+02 -2.222209e+01
8.612054e+01 0.000000e+00 1.287502e+02 -4.262961e+01
1.619834e+02 0.000000e+00 1.287502e+02 3.323323e+01
1.391008e+02 0.000000e+00 1.071570e+02 3.194384e+01
7.593895e+01 0.000000e+00 1.071570e+02 -3.121803e+01
2.762136e+02 0.000000e+00 2.606142e+02 1.559946e+01
2.437004e+02 0.000000e+00 2.606142e+02 -1.691376e+01
1.313837e+02 0.000000e+00 1.050084e+02 2.637525e+01
8.394299e+01 0.000000e+00 1.050084e+02 -2.106544e+01
2.559917e+02 0.000000e+00 3.035895e+02 -4.759782e+01
3.593251e+02 0.000000e+00 3.035895e+02 5.573560e+01
4.814847e+02 0.000000e+00 4.688709e+02 1.261380e+01
4.538770e+02 0.000000e+00 4.688709e+02 -1.499390e+01
1.881708e+02 0.000000e+00 2.104166e+02 -2.224573e+01
2.327940e+02 0.000000e+00 2.104166e+02 2.237740e+01
1.380451e+02 0.000000e+00 1.372704e+02 7.747192e-01
1.362938e+02 0.000000e+00 1.372704e+02 -9.765472e-01
-1.346956e+02 0.000000e+00 2.435972e+02 -3.782928e+02
6.496718e+02 0.000000e+00 2.435972e+02 4.060746e+02
-1.512509e+02 0.000000e+00 1.138175e+02 -2.650684e+02
2.230190e+02 0.000000e+00 1.138175e+02 1.092015e+02
1.636447e+02 0.000000e+00 1.925630e+02 -2.891827e+01
2.171611e+02 0.000000e+00 1.925630e+02 2.459810e+01
1.911262e+02 0.000000e+00 2.263912e+02 -3.526500e+01
2.605591e+02 0.000000e+00 2.263912e+02 3.416782e+01
3.938425e+02 0.000000e+00 2.411798e+02 1.526628e+02
1.249339e+02 0.000000e+00 2.411798e+02 -1.162459e+02
4.237289e+01 0.000000e+00 5.777177e+01 -1.539888e+01
7.792424e+01 0.000000e+00 5.777177e+01 2.015247e+01
5.614630e+01 0.000000e+00 7.941030e+01 -2.326400e+01
1.127178e+02 0.000000e+00 7.941030e+01 3.330752e+01
1.429090e+02 0.000000e+00 1.794136e+02 -3.650461e+01
2.148160e+02 0.000000e+00 1.794136e+02 3.540248e+01
2.866773e+02 0.000000e+00 1.145455e+02 1.721318e+02
-8.738096e+01 0.000000e+00 1.145455e+02 -2.019265e+02
