3.899009e+02 0.000000e+00 2.505805e+02 1.393203e+02
1.318456e+02 0.000000e+00 2.505805e+02 -1.187350e+02
1.502154e+02 0.000000e+00 1.495270e+02 6.884003e-01
1.490885e+02 0.000000e+00 1.495270e+02 -4.385223e-01
9.631553e+01 0.000000e+00 7.513245e+01 2.118308e+01
5.694485e+01 0.000000e+00 7.513245e+01 -1.818760e+01
1.610655e+02 0.000000e+00 1.116166e+02 4.944895e+01
3.698895e+01 0.000000e+00 1.116166e+02 -7.462764e+01
2.577534e+02 0.000000e+00 2.457336e+02 1.201988e+01
2.316961e+02 0.000000e+00 2.457336e+02 -1.403749e+01
1.249379e+02 0.000000e+00 9.524606e+01 2.969189e+01
6.478209e+01 0.000000e+00 9.524606e+01 -3.046397e+01
1.008862e+02 0.000000e+00 1.372267e+02 -3.634053e+01
1.753407e+02 0.000000e+00 1.372267e+02 3.811398e+01
1.877316e+02 0.000000e+00 1.546400e+02 3.309161e+01
1.117714e+02 0.000000e+00 1.546400e+02 -4.286864e+01
2.006954e+02 0.000000e+00 1.833814e+02 1.731406e+01
1.674860e+02 0.000000e+00 1.833814e+02 -1.589536e+01
9.635538e+01 0.000000e+00 1.571202e+02 -6.076484e+01
1.975791e+02 0.000000e+00 1.571202e+02 4.045891e+01
3.023043e+02 0.000000e+00 2.275133e+02 7.479100e+01
1.563602e+02 0.000000e+00 2.275133e+02 -7.115311e+01
1.421238e+02 0.000000e+00 1.912777e+02 -4.915390e+01
2.584061e+02 0.000000e+00 1.912777e+02 6.712842e+01
6.715660e+02 7.439797e+02 7.439797e+02 6.715660e+02
8.103547e+02 7.439797e+02 7.439797e+02 8.103547e+02
1.554980e+02 0.000000e+00 1.602576e+02 -4.759628e+00
1.667620e+02 0.000000e+00 1.602576e+02 6.504395e+00
1.998941e+02 0.000000e+00 1.598974e+02 3.999672e+01
1.143955e+02 0.000000e+00 1.598974e+02 -4.550185e+01
2.607407e+02 0.000000e+00 2.264783e+02 3.426241e+01
1.878873e+02 0.000000e+00 2.264783e+02 -3.859097e+01
4.551359e+02 0.000000e+00 4.057844e+02 4.935147e+01
3.513362e+02 0.000000e+00 4.057844e+02 -5.444821e+01
8.867856e+01 0.000000e+00 1.282305e+02 -3.955193e+01
1.718904e+02 0.000000e+00 1.282305e+02 4.365996e+01
6.281977e+02 0.000000e+00 4.784055e+02 1.497922e+02
3.899038e+02 0.000000e+00 4.784055e+02 -8.850168e+01
2.920166e+02 0.000000e+00 2.071661e+02 8.485052e+01
1.106471e+02 0.000000e+00 2.071661e+02 -9.651899e+01
2.109402e+02 0.000000e+00 2.823871e+02 -7.144687e+01
3.314051e+02 0.000000e+00 2.823871e+02 4.901801e+01
3.369980e+02 0.000000e+00 2.744626e+02 6.253543e+01
2.145851e+02 0.000000e+00 2.744626e+02 -5.987747e+01
5.842743e+01 0.000000e+00 9.593140e+01 -3.750397e+01
1.391131e+02 0.000000e+00 9.593140e+01 4.318165e+01
2.655915e+02 0.000000e+00 2.177957e+02 4.779587e+01
1.686591e+02 0.000000e+00 2.177957e+02 -4.913657e+01
1.735038e+02 0.000000e+00 2.119858e+02 -3.848199e+01
2.630613e+02 0.000000e+00 2.119858e+02 5.107552e+01
1.381888e+02 0.000000e+00 1.495926e+02 -1.140376e+01
1.613386e+02 0.000000e+00 1.495926e+02 1.174600e+01
