1.013999e+02 0.000000e+00 5.501799e+01 4.638186e+01
9.890162e+00 0.000000e+00 5.501799e+01 -4.512783e+01
1.667004e+02 0.000000e+00 1.430247e+02 2.367572e+01
1.205278e+02 0.000000e+00 1.430247e+02 -2.249695e+01
5.554579e+01 0.000000e+00 2.077653e+01 3.476927e+01
-1.404259e+01 0.000000e+00 2.077653e+01 -3.481912e+01
2.491636e+02 0.000000e+00 2.008062e+02 4.835741e+01
1.427701e+02 0.000000e+00 2.008062e+02 -5.803608e+01
1.676869e+02 0.000000e+00 2.025724e+02 -3.488545e+01
2.402750e+02 0.000000e+00 2.025724e+02 3.770265e+01
2.966858e+02 2.602906e+02 2.602906e+02 2.966858e+02
2.225001e+02 2.602906e+02 2.602906e+02 2.225001e+02
1.145631e+02 0.000000e+00 1.051639e+02 9.399171e+00
9.457809e+01 0.000000e+00 1.051639e+02 -1.058584e+01
1.408366e+02 0.000000e+00 9.966022e+01 4.117642e+01
6.123894e+01 0.000000e+00 9.966022e+01 -3.842128e+01
1.504167e+02 0.000000e+00 1.446721e+02 5.744526e+00
1.388775e+02 0.000000e+00 1.446721e+02 -5.794690e+00
6.158148e+01 0.000000e+00 1.063260e+02 -4.474454e+01
1.410072e+02 0.000000e+00 1.063260e+02 3.468117e+01
1.673144e+02 0.000000e+00 1.283433e+02 3.897116e+01
9.534540e+01 0.000000e+00 1.283433e+02 -3.299789e+01
2.239306e+02 0.000000e+00 2.154913e+02 8.439253e+00
2.099176e+02 0.000000e+00 2.154913e+02 -5.573762e+00
1.575747e+02 0.000000e+00 1.458239e+02 1.175076e+01
1.344373e+02 0.000000e+00 1.458239e+02 -1.138661e+01
1.698090e+02 0.000000e+00 1.706303e+02 -8.212376e-01
1.724518e+02 0.000000e+00 1.706303e+02 1.821529e+00
2.912302e+02 0.000000e+00 2.830227e+02 8.207528e+00
2.775798e+02 0.000000e+00 2.830227e+02 -5.442901e+00
9.404046e+01 0.000000e+00 9.526204e+01 -1.221583e+00
9.776531e+01 0.000000e+00 9.526204e+01 2.503267e+00
2.024642e+02 0.000000e+00 1.684843e+02 3.397986e+01
1.401361e+02 0.000000e+00 1.684843e+02 -2.834824e+01
9.513158e+01 0.000000e+00 8.595572e+01 9.175856e+00
7.529055e+01 0.000000e+00 8.595572e+01 -1.066518e+01
1.844672e+02 0.000000e+00 1.753558e+02 9.111413e+00
1.636816e+02 0.000000e+00 1.753558e+02 -1.167416e+01
1.470151e+02 0.000000e+00 1.105470e+02 3.646806e+01
6.992879e+01 0.000000e+00 1.105470e+02 -4.061821e+01
1.808006e+02 0.000000e+00 1.879454e+02 -7.144889e+00
1.952129e+02 0.000000e+00 1.879454e+02 7.267468e+00
1.624061e+02 0.000000e+00 1.044796e+02 5.792652e+01
5.396004e+01 0.000000e+00 1.044796e+02 -5.051957e+01
6.554315e+01 0.000000e+00 7.317227e+01 -7.629118e+00
8.049805e+01 0.000000e+00 7.317227e+01 7.325784e+00
1.536120e+02 0.000000e+00 1.410065e+02 1.260549e+01
1.274590e+02 0.000000e+00 1.410065e+02 -1.354747e+01
6.394965e+01 0.000000e+00 7.580424e+01 -1.185458e+01
9.230256e+01 0.000000e+00 7.580424e+01 1.649832e+01
1.149184e+02 0.000000e+00 9.973400e+01 1.518435e+01
8.523808e+01 0.000000e+00 9.973400e+01 -1.449592e+01
