8.800801e+01 0.000000e+00 4.443690e+01 4.357111e+01
2.343991e+00 0.000000e+00 4.443690e+01 -4.209291e+01
1.634791e+02 0.000000e+00 1.386392e+02 2.483992e+01
1.144953e+02 0.000000e+00 1.386392e+02 -2.414388e+01
4.964239e+01 0.000000e+00 -8.186492e+00 5.782888e+01
-6.186529e+01 0.000000e+00 -8.186492e+00 -5.367880e+01
1.944124e+02 0.000000e+00 1.516048e+02 4.280762e+01
1.013635e+02 0.000000e+00 1.516048e+02 -5.024132e+01
1.170545e+02 0.000000e+00 1.665993e+02 -4.954487e+01
2.214944e+02 0.000000e+00 1.665993e+02 5.489504e+01
1.238744e+02 0.000000e+00 8.857626e+01 3.529816e+01
5.207761e+01 0.000000e+00 8.857626e+01 -3.649865e+01
7.794560e+01 0.000000e+00 8.238446e+01 -4.438853e+00
8.709467e+01 0.000000e+00 8.238446e+01 4.710211e+00
1.175335e+02 0.000000e+00 7.780312e+01 3.973034e+01
3.531840e+01 0.000000e+00 7.780312e+01 -4.248473e+01
2.604184e+02 2.591141e+02 2.591141e+02 2.604184e+02
2.569767e+02 2.591141e+02 2.591141e+02 2.569767e+02
6.204851e+01 0.000000e+00 1.088085e+02 -4.676000e+01
1.452380e+02 0.000000e+00 1.088085e+02 3.642946e+01
1.491503e+02 0.000000e+00 1.100706e+02 3.907972e+01
7.783164e+01 0.000000e+00 1.100706e+02 -3.223898e+01
1.944674e+02 0.000000e+00 1.881360e+02 6.331412e+00
1.853347e+02 0.000000e+00 1.881360e+02 -2.801312e+00
1.441681e+02 0.000000e+00 1.490661e+02 -4.898014e+00
1.548331e+02 0.000000e+00 1.490661e+02 5.767000e+00
1.191295e+02 0.000000e+00 1.195101e+02 -3.806409e-01
1.205241e+02 0.000000e+00 1.195101e+02 1.014038e+00
2.775021e+02 0.000000e+00 2.731781e+02 4.323963e+00
2.703964e+02 0.000000e+00 2.731781e+02 -2.781719e+00
9.243850e+01 0.000000e+00 9.783423e+01 -5.395728e+00
1.022291e+02 0.000000e+00 9.783423e+01 4.394845e+00
1.866480e+02 0.000000e+00 1.616267e+02 2.502135e+01
1.436368e+02 0.000000e+00 1.616267e+02 -1.798985e+01
7.833421e+01 0.000000e+00 6.739060e+01 1.094361e+01
5.562166e+01 0.000000e+00 6.739060e+01 -1.176895e+01
1.870896e+02 0.000000e+00 1.603936e+02 2.669593e+01
1.488506e+02 0.000000e+00 1.603936e+02 -1.154302e+01
1.474573e+02 0.000000e+00 1.112748e+02 3.618250e+01
7.130677e+01 0.000000e+00 1.112748e+02 -3.996804e+01
2.070070e+02 0.000000e+00 2.005826e+02 6.424327e+00
1.939191e+02 0.000000e+00 2.005826e+02 -6.663535e+00
1.573219e+02 0.000000e+00 8.054612e+01 7.677582e+01
1.107851e+01 0.000000e+00 8.054612e+01 -6.946761e+01
4.589188e+01 0.000000e+00 5.441200e+01 -8.520116e+00
6.248139e+01 0.000000e+00 5.441200e+01 8.069390e+00
1.079306e+02 0.000000e+00 1.143646e+02 -6.434016e+00
1.215434e+02 0.000000e+00 1.143646e+02 7.178794e+00
3.832990e+01 0.000000e+00 5.506373e+01 -1.673383e+01
7.540908e+01 0.000000e+00 5.506373e+01 2.034535e+01
1.273641e+02 0.000000e+00 9.154056e+01 3.582356e+01
5.682708e+01 0.000000e+00 9.154056e+01 -3.471347e+01
