8.148106e+01 0.000000e+00 4.460270e+01 3.687836e+01
5.504181e+00 0.000000e+00 4.460270e+01 -3.909851e+01
1.569035e+02 0.000000e+00 1.294973e+02 2.740614e+01
1.096606e+02 0.000000e+00 1.294973e+02 -1.983672e+01
1.069054e+00 0.000000e+00 -2.783225e+00 3.852279e+00
-5.626737e+00 0.000000e+00 -2.783225e+00 -2.843511e+00
1.231339e+02 0.000000e+00 7.251485e+01 5.061900e+01
3.499341e+00 0.000000e+00 7.251485e+01 -6.901551e+01
2.959716e+02 0.000000e+00 2.813129e+02 1.465875e+01
2.608132e+02 0.000000e+00 2.813129e+02 -2.049969e+01
2.701619e+02 0.000000e+00 1.649485e+02 1.052134e+02
7.959257e+01 0.000000e+00 1.649485e+02 -8.535595e+01
2.999534e+01 0.000000e+00 1.033154e+01 1.966380e+01
-1.102899e+01 0.000000e+00 1.033154e+01 -2.136054e+01
1.432185e+02 0.000000e+00 1.661065e+02 -2.288799e+01
1.818552e+02 0.000000e+00 1.661065e+02 1.574870e+01
4.750501e+02 4.993574e+02 4.993574e+02 4.750501e+02
5.249197e+02 4.993574e+02 4.993574e+02 5.249197e+02
-7.182030e+01 0.000000e+00 -2.548179e+00 -6.927212e+01
6.888737e+01 0.000000e+00 -2.548179e+00 7.143555e+01
2.651059e+02 0.000000e+00 1.861356e+02 7.897026e+01
1.158672e+02 0.000000e+00 1.861356e+02 -7.026841e+01
2.854570e+02 0.000000e+00 3.267500e+02 -4.129300e+01
3.761836e+02 0.000000e+00 3.267500e+02 4.943359e+01
2.232713e+02 0.000000e+00 2.177819e+02 5.489410e+00
2.125264e+02 0.000000e+00 2.177819e+02 -5.255524e+00
2.776143e+02 0.000000e+00 2.485488e+02 2.906549e+01
2.150081e+02 0.000000e+00 2.485488e+02 -3.354070e+01
2.836614e+02 0.000000e+00 3.175537e+02 -3.389230e+01
3.534620e+02 0.000000e+00 3.175537e+02 3.590829e+01
1.981708e+02 0.000000e+00 1.393833e+02 5.878751e+01
9.134637e+01 0.000000e+00 1.393833e+02 -4.803693e+01
2.469625e+02 0.000000e+00 2.308000e+02 1.616255e+01
2.170972e+02 0.000000e+00 2.308000e+02 -1.370273e+01
1.787278e+02 0.000000e+00 1.139963e+02 6.473148e+01
4.679806e+01 0.000000e+00 1.139963e+02 -6.719828e+01
1.151794e+02 0.000000e+00 8.039819e+01 3.478121e+01
6.049249e+01 0.000000e+00 8.039819e+01 -1.990570e+01
2.423869e+02 0.000000e+00 1.885276e+02 5.385933e+01
1.338944e+02 0.000000e+00 1.885276e+02 -5.463315e+01
2.374258e+02 0.000000e+00 2.236451e+02 1.378075e+01
2.080163e+02 0.000000e+00 2.236451e+02 -1.562875e+01
3.316261e+02 0.000000e+00 2.413398e+02 9.028629e+01
1.711347e+02 0.000000e+00 2.413398e+02 -7.020514e+01
1.474579e+02 0.000000e+00 1.758660e+02 -2.840808e+01
2.171953e+02 0.000000e+00 1.758660e+02 4.132927e+01
2.965089e+02 0.000000e+00 3.090489e+02 -1.254004e+01
3.252176e+02 0.000000e+00 3.090489e+02 1.616864e+01
6.537617e+01 0.000000e+00 7.466403e+01 -9.287865e+00
8.409357e+01 0.000000e+00 7.466403e+01 9.429535e+00
-5.783444e+01 0.000000e+00 -1.349779e+01 -4.433665e+01
5.117905e+01 0.000000e+00 -1.349779e+01 6.467684e+01
