2.921706e+01 0.000000e+00 1.168547e+01 1.753158e+01
5.142479e-01 0.000000e+00 1.168547e+01 -1.117123e+01
1.180074e+01 0.000000e+00 4.032814e+01 -2.852740e+01
6.984166e+01 0.000000e+00 4.032814e+01 2.951352e+01
3.151547e+02 0.000000e+00 1.342953e+02 1.808594e+02
-4.427058e+01 0.000000e+00 1.342953e+02 -1.785659e+02
1.674184e+03 1.313619e+03 1.313619e+03 1.674184e+03
9.548610e+02 1.313619e+03 1.313619e+03 9.548610e+02
1.545216e+02 0.000000e+00 2.229495e+02 -6.842795e+01
3.031677e+02 0.000000e+00 2.229495e+02 8.021822e+01
3.908276e+02 0.000000e+00 3.855586e+02 5.268951e+00
3.808138e+02 0.000000e+00 3.855586e+02 -4.744781e+00
2.269294e+02 0.000000e+00 1.769728e+02 4.995659e+01
1.322157e+02 0.000000e+00 1.769728e+02 -4.475708e+01
4.900887e+02 0.000000e+00 4.627336e+02 2.735513e+01
4.220797e+02 0.000000e+00 4.627336e+02 -4.065396e+01
1.641967e+02 0.000000e+00 8.893288e+01 7.526382e+01
2.849860e+01 0.000000e+00 8.893288e+01 -6.043429e+01
1.710101e+02 0.000000e+00 2.532872e+02 -8.227707e+01
2.921571e+02 0.000000e+00 2.532872e+02 3.886996e+01
2.866526e+02 0.000000e+00 2.495437e+02 3.710892e+01
2.106465e+02 0.000000e+00 2.495437e+02 -3.889728e+01
2.552607e+02 0.000000e+00 3.206799e+02 -6.541924e+01
5.099457e+02 0.000000e+00 3.206799e+02 1.892658e+02
2.614258e+02 0.000000e+00 2.078881e+02 5.353777e+01
1.764198e+02 0.000000e+00 2.078881e+02 -3.146829e+01
1.513878e+02 0.000000e+00 1.660603e+02 -1.467252e+01
1.811766e+02 0.000000e+00 1.660603e+02 1.511621e+01
1.585678e+02 0.000000e+00 1.772836e+02 -1.871576e+01
2.053118e+02 0.000000e+00 1.772836e+02 2.802824e+01
6.037453e+01 0.000000e+00 1.034578e+02 -4.308329e+01
1.399561e+02 0.000000e+00 1.034578e+02 3.649831e+01
2.054141e+02 0.000000e+00 2.119891e+02 -6.575012e+00
2.203418e+02 0.000000e+00 2.119891e+02 8.352753e+00
4.693241e+02 0.000000e+00 3.661690e+02 1.031551e+02
2.864687e+02 0.000000e+00 3.661690e+02 -7.970032e+01
5.156082e+01 0.000000e+00 1.361161e+02 -8.455530e+01
1.589407e+02 0.000000e+00 1.361161e+02 2.282462e+01
2.010220e+02 0.000000e+00 1.739806e+02 2.704143e+01
1.390771e+02 0.000000e+00 1.739806e+02 -3.490350e+01
2.475320e+02 0.000000e+00 2.725626e+02 -2.503055e+01
3.463919e+02 0.000000e+00 2.725626e+02 7.382932e+01
2.928180e+02 0.000000e+00 2.649623e+02 2.785568e+01
2.401575e+02 0.000000e+00 2.649623e+02 -2.480478e+01
2.758212e+02 0.000000e+00 2.837833e+02 -7.962128e+00
2.904026e+02 0.000000e+00 2.837833e+02 6.619232e+00
1.267584e+02 0.000000e+00 9.061925e+01 3.613915e+01
4.710626e+01 0.000000e+00 9.061925e+01 -4.351299e+01
1.306796e+02 0.000000e+00 9.471405e+01 3.596558e+01
3.680027e+01 0.000000e+00 9.471405e+01 -5.791378e+01
2.287105e+01 0.000000e+00 6.113837e+01 -3.826732e+01
1.091028e+02 0.000000e+00 6.113837e+01 4.796442e+01
