-1.025116e+02 0.000000e+00 -2.483832e+01 -7.767323e+01
4.634542e+01 0.000000e+00 -2.483832e+01 7.118374e+01
1.216391e+02 0.000000e+00 1.334530e+02 -1.181386e+01
1.486870e+02 0.000000e+00 1.334530e+02 1.523402e+01
3.222234e+02 0.000000e+00 8.552520e+01 2.366982e+02
-2.178964e+02 0.000000e+00 8.552520e+01 -3.034216e+02
1.944721e+02 0.000000e+00 1.928433e+02 1.628830e+00
1.906048e+02 0.000000e+00 1.928433e+02 -2.238510e+00
2.451844e+02 0.000000e+00 4.697294e+02 -2.245450e+02
7.420055e+02 0.000000e+00 4.697294e+02 2.722761e+02
1.055819e+02 0.000000e+00 1.828179e+02 -7.723600e+01
2.538310e+02 0.000000e+00 1.828179e+02 7.101305e+01
1.832939e+02 0.000000e+00 1.107386e+02 7.255528e+01
3.729424e+01 0.000000e+00 1.107386e+02 -7.344436e+01
-1.642231e+01 0.000000e+00 1.320790e+01 -2.963021e+01
4.850702e+01 0.000000e+00 1.320790e+01 3.529911e+01
2.048716e+02 0.000000e+00 1.825710e+02 2.230057e+01
1.647748e+02 0.000000e+00 1.825710e+02 -1.779619e+01
3.743739e+01 0.000000e+00 1.351857e+02 -9.774831e+01
2.241557e+02 0.000000e+00 1.351857e+02 8.896996e+01
5.908992e+02 0.000000e+00 3.667193e+02 2.241799e+02
1.866135e+02 0.000000e+00 3.667193e+02 -1.801057e+02
1.967886e+02 0.000000e+00 1.836470e+02 1.314154e+01
1.662309e+02 0.000000e+00 1.836470e+02 -1.741615e+01
7.549740e+01 0.000000e+00 9.836324e+01 -2.286584e+01
1.281818e+02 0.000000e+00 9.836324e+01 2.981860e+01
4.086599e+02 0.000000e+00 3.870606e+02 2.159927e+01
3.640741e+02 0.000000e+00 3.870606e+02 -2.298645e+01
3.520711e+02 0.000000e+00 1.870181e+02 1.650530e+02
6.367329e+01 0.000000e+00 1.870181e+02 -1.233448e+02
8.362289e+01 0.000000e+00 1.446085e+02 -6.098563e+01
1.962458e+02 0.000000e+00 1.446085e+02 5.163730e+01
3.403947e+02 0.000000e+00 3.302948e+02 1.009982e+01
3.192879e+02 0.000000e+00 3.302948e+02 -1.100690e+01
3.913798e+02 0.000000e+00 2.773987e+02 1.139811e+02
1.306158e+02 0.000000e+00 2.773987e+02 -1.467830e+02
-2.057792e+02 0.000000e+00 7.400499e+01 -2.797841e+02
1.327684e+02 0.000000e+00 7.400499e+01 5.876341e+01
3.573466e+02 0.000000e+00 3.140402e+02 4.330646e+01
2.560698e+02 0.000000e+00 3.140402e+02 -5.797037e+01
1.300438e+02 0.000000e+00 1.405921e+02 -1.054837e+01
1.509124e+02 0.000000e+00 1.405921e+02 1.032030e+01
2.152491e+02 0.000000e+00 1.151009e+02 1.001482e+02
1.545581e+00 0.000000e+00 1.151009e+02 -1.135553e+02
1.387931e+02 0.000000e+00 1.313636e+02 7.429489e+00
1.242538e+02 0.000000e+00 1.313636e+02 -7.109795e+00
6.529940e+02 5.046407e+02 5.046407e+02 6.529940e+02
3.293308e+02 5.046407e+02 5.046407e+02 3.293308e+02
1.105273e+02 0.000000e+00 1.175184e+02 -6.991089e+00
1.262792e+02 0.000000e+00 1.175184e+02 8.760849e+00
4.919339e+01 0.000000e+00 6.524509e+01 -1.605170e+01
8.231582e+01 0.000000e+00 6.524509e+01 1.707072e+01
