2.102911e+02 0.000000e+00 1.187365e+02 9.155462e+01
3.897708e+01 0.000000e+00 1.187365e+02 -7.975944e+01
1.130845e+02 0.000000e+00 8.523420e+01 2.785034e+01
5.970897e+01 0.000000e+00 8.523420e+01 -2.552523e+01
1.195175e+02 0.000000e+00 1.162942e+02 3.223351e+00
1.130970e+02 0.000000e+00 1.162942e+02 -3.197182e+00
2.872250e+02 0.000000e+00 2.350452e+02 5.217978e+01
1.549162e+02 0.000000e+00 2.350452e+02 -8.012897e+01
2.428467e+02 0.000000e+00 3.525903e+02 -1.097436e+02
4.787256e+02 0.000000e+00 3.525903e+02 1.261353e+02
1.671333e+02 0.000000e+00 1.719575e+02 -4.824158e+00
1.776452e+02 0.000000e+00 1.719575e+02 5.687714e+00
1.816394e+02 0.000000e+00 1.537732e+02 2.786620e+01
1.207582e+02 0.000000e+00 1.537732e+02 -3.301498e+01
2.975048e+02 0.000000e+00 2.070054e+02 9.049945e+01
1.178659e+02 0.000000e+00 2.070054e+02 -8.913952e+01
1.857439e+02 0.000000e+00 1.547869e+02 3.095695e+01
1.222595e+02 0.000000e+00 1.547869e+02 -3.252740e+01
9.602579e+01 0.000000e+00 2.113973e+02 -1.153715e+02
2.879989e+02 0.000000e+00 2.113973e+02 7.660159e+01
2.775315e+02 0.000000e+00 2.084188e+02 6.911270e+01
1.511529e+02 0.000000e+00 2.084188e+02 -5.726588e+01
3.319830e+02 0.000000e+00 3.438080e+02 -1.182501e+01
3.605872e+02 0.000000e+00 3.438080e+02 1.677911e+01
3.848392e+02 0.000000e+00 4.056159e+02 -2.077667e+01
4.275810e+02 0.000000e+00 4.056159e+02 2.196506e+01
1.726407e+02 0.000000e+00 2.153944e+02 -4.275371e+01
2.746146e+02 0.000000e+00 2.153944e+02 5.922020e+01
5.293970e+02 0.000000e+00 5.390402e+02 -9.643127e+00
5.519287e+02 0.000000e+00 5.390402e+02 1.288855e+01
3.880918e+02 0.000000e+00 3.283083e+02 5.978345e+01
2.713449e+02 0.000000e+00 3.283083e+02 -5.696344e+01
4.884008e+02 0.000000e+00 4.330335e+02 5.536731e+01
3.793669e+02 0.000000e+00 4.330335e+02 -5.366663e+01
1.472204e+02 0.000000e+00 1.727915e+02 -2.557117e+01
2.244703e+02 0.000000e+00 1.727915e+02 5.167877e+01
2.495909e+02 0.000000e+00 2.767812e+02 -2.719029e+01
2.930009e+02 0.000000e+00 2.767812e+02 1.621967e+01
1.216793e+02 0.000000e+00 9.851742e+01 2.316187e+01
7.202325e+01 0.000000e+00 9.851742e+01 -2.649417e+01
1.194745e+02 0.000000e+00 1.800703e+02 -6.059577e+01
2.358955e+02 0.000000e+00 1.800703e+02 5.582521e+01
1.811366e+02 0.000000e+00 1.845833e+02 -3.446747e+00
1.883432e+02 0.000000e+00 1.845833e+02 3.759903e+00
1.181918e+02 0.000000e+00 1.251296e+02 -6.937836e+00
1.344000e+02 0.000000e+00 1.251296e+02 9.270340e+00
2.556263e+02 0.000000e+00 1.786774e+02 7.694891e+01
1.130610e+02 0.000000e+00 1.786774e+02 -6.561638e+01
3.224047e+02 4.468292e+02 4.468292e+02 3.224047e+02
5.788217e+02 4.468292e+02 4.468292e+02 5.788217e+02
2.654067e+02 0.000000e+00 2.332221e+02 3.218465e+01
2.093259e+02 0.000000e+00 2.332221e+02 -2.389624e+01
