7.112866e+01 0.000000e+00 3.557551e+01 3.555315e+01
7.484164e-01 0.000000e+00 3.557551e+01 -3.482710e+01
1.492591e+02 0.000000e+00 1.306139e+02 1.864522e+01
1.129789e+02 0.000000e+00 1.306139e+02 -1.763502e+01
4.114596e+01 0.000000e+00 -6.717118e+00 4.786308e+01
-5.052854e+01 0.000000e+00 -6.717118e+00 -4.381142e+01
1.955920e+02 0.000000e+00 1.530604e+02 4.253163e+01
1.023632e+02 0.000000e+00 1.530604e+02 -5.069723e+01
1.339771e+02 0.000000e+00 1.718415e+02 -3.786440e+01
2.143907e+02 0.000000e+00 1.718415e+02 4.254926e+01
1.255705e+02 0.000000e+00 9.837947e+01 2.719105e+01
7.030091e+01 0.000000e+00 9.837947e+01 -2.807856e+01
8.622222e+01 0.000000e+00 8.179018e+01 4.432037e+00
7.658303e+01 0.000000e+00 8.179018e+01 -5.207152e+00
1.037636e+02 0.000000e+00 6.718859e+01 3.657497e+01
2.958720e+01 0.000000e+00 6.718859e+01 -3.760139e+01
1.370010e+02 0.000000e+00 1.303713e+02 6.629674e+00
1.232756e+02 0.000000e+00 1.303713e+02 -7.095724e+00
5.771253e+01 0.000000e+00 9.828393e+01 -4.057139e+01
1.296695e+02 0.000000e+00 9.828393e+01 3.138553e+01
1.486484e+02 0.000000e+00 1.163531e+02 3.229527e+01
8.943435e+01 0.000000e+00 1.163531e+02 -2.691877e+01
1.836399e+02 0.000000e+00 1.783793e+02 5.260618e+00
1.752964e+02 0.000000e+00 1.783793e+02 -3.082863e+00
1.226478e+02 0.000000e+00 1.253426e+02 -2.694717e+00
1.285614e+02 0.000000e+00 1.253426e+02 3.218834e+00
2.753966e+02 2.687077e+02 2.687077e+02 2.753966e+02
2.625191e+02 2.687077e+02 2.687077e+02 2.625191e+02
2.443650e+02 0.000000e+00 2.339463e+02 1.041867e+01
2.253351e+02 0.000000e+00 2.339463e+02 -8.611196e+00
7.707986e+01 0.000000e+00 8.101731e+01 -3.937454e+00
8.439667e+01 0.000000e+00 8.101731e+01 3.379356e+00
1.872080e+02 0.000000e+00 1.511149e+02 3.609310e+01
1.247420e+02 0.000000e+00 1.511149e+02 -2.637286e+01
6.671668e+01 0.000000e+00 6.606653e+01 6.501549e-01
6.400323e+01 0.000000e+00 6.606653e+01 -2.063295e+00
1.748046e+02 0.000000e+00 1.549678e+02 1.983676e+01
1.419117e+02 0.000000e+00 1.549678e+02 -1.305616e+01
1.437865e+02 0.000000e+00 1.082022e+02 3.558426e+01
6.837875e+01 0.000000e+00 1.082022e+02 -3.982346e+01
1.748440e+02 0.000000e+00 1.710491e+02 3.794986e+00
1.685301e+02 0.000000e+00 1.710491e+02 -2.518923e+00
1.591429e+02 0.000000e+00 9.074684e+01 6.839602e+01
3.122816e+01 0.000000e+00 9.074684e+01 -5.951868e+01
4.176755e+01 0.000000e+00 5.021565e+01 -8.448103e+00
5.879904e+01 0.000000e+00 5.021565e+01 8.583388e+00
1.023000e+02 0.000000e+00 9.953428e+01 2.765705e+00
9.634588e+01 0.000000e+00 9.953428e+01 -3.188399e+00
3.434128e+01 0.000000e+00 5.219193e+01 -1.785065e+01
7.436566e+01 0.000000e+00 5.219193e+01 2.217373e+01
1.090717e+02 0.000000e+00 8.362546e+01 2.544621e+01
5.795919e+01 0.000000e+00 8.362546e+01 -2.566627e+01
