6.482146e+01 0.000000e+00 3.258150e+01 3.223995e+01
1.719637e+00 0.000000e+00 3.258150e+01 -3.086186e+01
1.512895e+02 0.000000e+00 1.335521e+02 1.773737e+01
1.168668e+02 0.000000e+00 1.335521e+02 -1.668529e+01
1.713254e+01 0.000000e+00 -2.121381e+01 3.834635e+01
-5.486030e+01 0.000000e+00 -2.121381e+01 -3.364649e+01
1.711685e+02 0.000000e+00 1.327027e+02 3.846575e+01
8.908810e+01 0.000000e+00 1.327027e+02 -4.361461e+01
1.135277e+02 0.000000e+00 1.683054e+02 -5.477774e+01
2.296034e+02 0.000000e+00 1.683054e+02 6.129794e+01
8.761882e+01 0.000000e+00 6.273455e+01 2.488426e+01
3.638506e+01 0.000000e+00 6.273455e+01 -2.634949e+01
4.970106e+01 0.000000e+00 5.466970e+01 -4.968632e+00
5.929940e+01 0.000000e+00 5.466970e+01 4.629702e+00
9.235842e+01 0.000000e+00 6.276370e+01 2.959472e+01
3.649063e+01 0.000000e+00 6.276370e+01 -2.627306e+01
1.030786e+02 0.000000e+00 1.045488e+02 -1.470238e+00
1.058745e+02 0.000000e+00 1.045488e+02 1.325695e+00
4.585977e+01 0.000000e+00 8.247652e+01 -3.661675e+01
1.108285e+02 0.000000e+00 8.247652e+01 2.835197e+01
1.558718e+02 0.000000e+00 1.119820e+02 4.388979e+01
7.474678e+01 0.000000e+00 1.119820e+02 -3.723520e+01
1.505162e+02 0.000000e+00 1.445335e+02 5.982657e+00
1.388854e+02 0.000000e+00 1.445335e+02 -5.648103e+00
1.122810e+02 0.000000e+00 1.145565e+02 -2.275587e+00
1.172551e+02 0.000000e+00 1.145565e+02 2.698503e+00
7.017158e+01 0.000000e+00 6.789534e+01 2.276239e+00
6.560312e+01 0.000000e+00 6.789534e+01 -2.292216e+00
2.280658e+02 0.000000e+00 2.284612e+02 -3.953470e-01
2.298697e+02 0.000000e+00 2.284612e+02 1.408555e+00
6.169095e+01 0.000000e+00 6.632970e+01 -4.638752e+00
7.007166e+01 0.000000e+00 6.632970e+01 3.741955e+00
1.462095e+02 0.000000e+00 1.265921e+02 1.961740e+01
1.111190e+02 0.000000e+00 1.265921e+02 -1.547312e+01
6.412095e+01 0.000000e+00 6.016147e+01 3.959481e+00
5.445332e+01 0.000000e+00 6.016147e+01 -5.708146e+00
3.144097e+02 2.516880e+02 2.516880e+02 3.144097e+02
2.223490e+02 2.516880e+02 2.516880e+02 2.223490e+02
1.305495e+02 0.000000e+00 9.892460e+01 3.162486e+01
6.370958e+01 0.000000e+00 9.892460e+01 -3.521501e+01
1.681348e+02 0.000000e+00 1.590687e+02 9.066170e+00
1.494516e+02 0.000000e+00 1.590687e+02 -9.617067e+00
1.237193e+02 0.000000e+00 6.925067e+01 5.446860e+01
1.952916e+01 0.000000e+00 6.925067e+01 -4.972151e+01
2.639754e+01 0.000000e+00 3.516884e+01 -8.771300e+00
4.477181e+01 0.000000e+00 3.516884e+01 9.602972e+00
7.033455e+01 0.000000e+00 7.961538e+01 -9.280838e+00
8.916414e+01 0.000000e+00 7.961538e+01 9.548753e+00
3.192830e+01 0.000000e+00 4.861662e+01 -1.668832e+01
6.915209e+01 0.000000e+00 4.861662e+01 2.053548e+01
9.134200e+01 0.000000e+00 6.256074e+01 2.878125e+01
3.280676e+01 0.000000e+00 6.256074e+01 -2.975399e+01
