1.259985e+02 0.000000e+00 5.020980e+01 7.578870e+01
-3.164282e+01 0.000000e+00 5.020980e+01 -8.185263e+01
1.987502e+02 0.000000e+00 1.541729e+02 4.457721e+01
1.192684e+02 0.000000e+00 1.541729e+02 -3.490452e+01
1.300682e+02 0.000000e+00 3.361454e+01 9.645364e+01
-4.475948e+01 0.000000e+00 3.361454e+01 -7.837402e+01
3.533241e+02 0.000000e+00 2.995406e+02 5.378357e+01
2.162180e+02 0.000000e+00 2.995406e+02 -8.332257e+01
1.477103e+02 0.000000e+00 1.463759e+02 1.334427e+00
1.446523e+02 0.000000e+00 1.463759e+02 -1.723526e+00
1.483179e+02 0.000000e+00 4.180802e+01 1.065098e+02
-5.109412e+01 0.000000e+00 4.180802e+01 -9.290214e+01
1.068231e+02 0.000000e+00 1.517146e+02 -4.489153e+01
1.900881e+02 0.000000e+00 1.517146e+02 3.837347e+01
2.099945e+02 0.000000e+00 1.415974e+02 6.839714e+01
7.122629e+01 0.000000e+00 1.415974e+02 -7.037111e+01
3.049524e+02 0.000000e+00 2.552778e+02 4.967453e+01
2.003448e+02 0.000000e+00 2.552778e+02 -5.493301e+01
1.431147e+01 0.000000e+00 5.942854e+01 -4.511707e+01
9.822855e+01 0.000000e+00 5.942854e+01 3.880000e+01
1.110771e+02 0.000000e+00 1.720284e+02 -6.095132e+01
2.312286e+02 0.000000e+00 1.720284e+02 5.920020e+01
3.478492e+02 0.000000e+00 3.210127e+02 2.683643e+01
2.898479e+02 0.000000e+00 3.210127e+02 -3.116486e+01
1.195309e+02 0.000000e+00 8.084441e+01 3.868654e+01
4.636110e+01 0.000000e+00 8.084441e+01 -3.448331e+01
1.355141e+02 0.000000e+00 1.211736e+02 1.434048e+01
1.032991e+02 0.000000e+00 1.211736e+02 -1.787452e+01
2.548743e+02 0.000000e+00 3.354749e+02 -8.060056e+01
4.386765e+02 0.000000e+00 3.354749e+02 1.032016e+02
7.009359e+02 6.720671e+02 6.720671e+02 7.009359e+02
6.415624e+02 6.720671e+02 6.720671e+02 6.415624e+02
3.336909e+02 0.000000e+00 2.578382e+02 7.585263e+01
2.090138e+02 0.000000e+00 2.578382e+02 -4.882440e+01
2.478938e+02 0.000000e+00 2.163791e+02 3.151472e+01
1.734241e+02 0.000000e+00 2.163791e+02 -4.295496e+01
8.646999e+01 0.000000e+00 2.526926e+02 -1.662226e+02
3.808638e+02 0.000000e+00 2.526926e+02 1.281712e+02
1.071592e+02 0.000000e+00 1.223681e+02 -1.520890e+01
1.355856e+02 0.000000e+00 1.223681e+02 1.321748e+01
2.008182e+02 0.000000e+00 2.100137e+02 -9.195465e+00
2.173764e+02 0.000000e+00 2.100137e+02 7.362717e+00
1.364651e+02 0.000000e+00 9.976212e+01 3.670300e+01
6.459483e+01 0.000000e+00 9.976212e+01 -3.516730e+01
1.396150e+01 0.000000e+00 9.478534e+00 4.482965e+00
3.322008e+00 0.000000e+00 9.478534e+00 -6.156526e+00
3.528450e+02 0.000000e+00 2.430094e+02 1.098356e+02
1.328923e+02 0.000000e+00 2.430094e+02 -1.101172e+02
1.330580e+02 0.000000e+00 1.109221e+02 2.213595e+01
7.052701e+01 0.000000e+00 1.109221e+02 -4.039507e+01
6.879217e+01 0.000000e+00 5.747001e+01 1.132215e+01
4.246048e+01 0.000000e+00 5.747001e+01 -1.500954e+01
