9.470920e+01 0.000000e+00 5.914294e+01 3.556626e+01
2.224220e+01 0.000000e+00 5.914294e+01 -3.690074e+01
2.063926e+02 0.000000e+00 1.742389e+02 3.215364e+01
1.431292e+02 0.000000e+00 1.742389e+02 -3.110973e+01
1.266413e+02 0.000000e+00 4.487971e+01 8.176154e+01
-3.455491e+01 0.000000e+00 4.487971e+01 -7.943463e+01
2.778113e+02 0.000000e+00 2.317909e+02 4.602041e+01
1.765493e+02 0.000000e+00 2.317909e+02 -5.524159e+01
1.494561e+02 0.000000e+00 2.013066e+02 -5.185045e+01
2.600573e+02 0.000000e+00 2.013066e+02 5.875071e+01
1.418609e+02 0.000000e+00 1.413456e+02 5.153325e-01
1.393848e+02 0.000000e+00 1.413456e+02 -1.960782e+00
1.551392e+02 0.000000e+00 1.338245e+02 2.131469e+01
1.111652e+02 0.000000e+00 1.338245e+02 -2.265936e+01
1.682651e+02 0.000000e+00 1.259362e+02 4.232897e+01
8.576376e+01 0.000000e+00 1.259362e+02 -4.017241e+01
1.459760e+02 0.000000e+00 1.482257e+02 -2.249660e+00
1.509929e+02 0.000000e+00 1.482257e+02 2.767248e+00
7.030189e+01 0.000000e+00 1.204468e+02 -5.014493e+01
1.558761e+02 0.000000e+00 1.204468e+02 3.542926e+01
1.789385e+02 0.000000e+00 1.373420e+02 4.159649e+01
1.005571e+02 0.000000e+00 1.373420e+02 -3.678491e+01
3.175598e+02 0.000000e+00 3.001420e+02 1.741785e+01
2.860140e+02 0.000000e+00 3.001420e+02 -1.412796e+01
1.818200e+02 0.000000e+00 1.820211e+02 -2.011123e-01
1.835205e+02 0.000000e+00 1.820211e+02 1.499398e+00
1.516374e+02 0.000000e+00 1.414782e+02 1.015918e+01
1.287137e+02 0.000000e+00 1.414782e+02 -1.276446e+01
2.796672e+02 0.000000e+00 2.650912e+02 1.457607e+01
2.521931e+02 0.000000e+00 2.650912e+02 -1.289804e+01
1.100731e+02 0.000000e+00 9.827242e+01 1.180071e+01
8.889330e+01 0.000000e+00 9.827242e+01 -9.379124e+00
2.019712e+02 0.000000e+00 1.669114e+02 3.505984e+01
1.392877e+02 0.000000e+00 1.669114e+02 -2.762368e+01
1.619873e+02 0.000000e+00 1.336873e+02 2.829997e+01
1.058031e+02 0.000000e+00 1.336873e+02 -2.788425e+01
9.852912e+01 0.000000e+00 1.661396e+02 -6.761048e+01
1.733997e+02 0.000000e+00 1.661396e+02 7.260118e+00
1.566581e+02 0.000000e+00 1.161049e+02 4.055323e+01
7.211135e+01 0.000000e+00 1.161049e+02 -4.399350e+01
2.171291e+02 0.000000e+00 2.298095e+02 -1.268041e+01
2.415369e+02 0.000000e+00 2.298095e+02 1.172736e+01
2.243613e+02 0.000000e+00 1.420846e+02 8.227672e+01
7.120829e+01 0.000000e+00 1.420846e+02 -7.087628e+01
2.192865e+02 2.487300e+02 2.487300e+02 2.192865e+02
2.749963e+02 2.487300e+02 2.487300e+02 2.749963e+02
1.701619e+02 0.000000e+00 1.587113e+02 1.145062e+01
1.461293e+02 0.000000e+00 1.587113e+02 -1.258200e+01
7.824278e+01 0.000000e+00 9.405851e+01 -1.581573e+01
1.198615e+02 0.000000e+00 9.405851e+01 2.580302e+01
1.160483e+02 0.000000e+00 1.015398e+02 1.450852e+01
8.691090e+01 0.000000e+00 1.015398e+02 -1.462885e+01
