2.994489e+02 2.381916e+02 2.381916e+02 2.994489e+02
1.786381e+02 2.381916e+02 2.381916e+02 1.786381e+02
1.405957e+02 0.000000e+00 1.076201e+02 3.297561e+01
7.270770e+01 0.000000e+00 1.076201e+02 -3.491237e+01
9.250458e+01 0.000000e+00 2.224682e+01 7.025776e+01
-4.505006e+01 0.000000e+00 2.224682e+01 -6.729689e+01
1.811185e+02 0.000000e+00 1.410989e+02 4.001958e+01
9.474074e+01 0.000000e+00 1.410989e+02 -4.635815e+01
1.220102e+02 0.000000e+00 1.682235e+02 -4.621325e+01
2.199243e+02 0.000000e+00 1.682235e+02 5.170081e+01
9.039396e+01 0.000000e+00 6.227440e+01 2.811957e+01
3.480884e+01 0.000000e+00 6.227440e+01 -2.746556e+01
8.479634e+01 0.000000e+00 8.687505e+01 -2.078711e+00
8.865025e+01 0.000000e+00 8.687505e+01 1.775196e+00
1.001041e+02 0.000000e+00 6.136598e+01 3.873810e+01
2.174436e+01 0.000000e+00 6.136598e+01 -3.962162e+01
8.585122e+01 0.000000e+00 1.046811e+02 -1.882988e+01
1.239050e+02 0.000000e+00 1.046811e+02 1.922391e+01
2.498006e+01 0.000000e+00 6.927627e+01 -4.429621e+01
1.034625e+02 0.000000e+00 6.927627e+01 3.418626e+01
9.158762e+01 0.000000e+00 5.418557e+01 3.740205e+01
2.196584e+01 0.000000e+00 5.418557e+01 -3.221973e+01
1.779474e+02 0.000000e+00 1.569365e+02 2.101093e+01
1.343677e+02 0.000000e+00 1.569365e+02 -2.256871e+01
1.043537e+02 0.000000e+00 1.240622e+02 -1.970853e+01
1.469993e+02 0.000000e+00 1.240622e+02 2.293715e+01
5.977563e+01 0.000000e+00 7.252738e+01 -1.275175e+01
8.763690e+01 0.000000e+00 7.252738e+01 1.510951e+01
2.772553e+02 0.000000e+00 2.714613e+02 5.794064e+00
2.669870e+02 0.000000e+00 2.714613e+02 -4.474287e+00
9.830494e+01 0.000000e+00 9.552346e+01 2.781481e+00
9.335623e+01 0.000000e+00 9.552346e+01 -2.167231e+00
1.589116e+02 0.000000e+00 1.500579e+02 8.853668e+00
1.434197e+02 0.000000e+00 1.500579e+02 -6.638196e+00
5.571973e+01 0.000000e+00 4.542874e+01 1.029099e+01
3.152745e+01 0.000000e+00 4.542874e+01 -1.390129e+01
2.187402e+02 0.000000e+00 1.760385e+02 4.270169e+01
1.625720e+02 0.000000e+00 1.760385e+02 -1.346647e+01
1.063561e+02 0.000000e+00 7.993122e+01 2.642485e+01
5.002217e+01 0.000000e+00 7.993122e+01 -2.990906e+01
1.915292e+02 0.000000e+00 1.965030e+02 -4.973785e+00
1.998518e+02 0.000000e+00 1.965030e+02 3.348823e+00
1.511667e+02 0.000000e+00 8.044136e+01 7.072533e+01
2.015432e+01 0.000000e+00 8.044136e+01 -6.028704e+01
5.148333e+01 0.000000e+00 5.745192e+01 -5.968591e+00
6.242924e+01 0.000000e+00 5.745192e+01 4.977317e+00
9.365266e+01 0.000000e+00 9.148767e+01 2.164985e+00
9.016961e+01 0.000000e+00 9.148767e+01 -1.318062e+00
5.878196e+01 0.000000e+00 7.474828e+01 -1.596632e+01
9.517349e+01 0.000000e+00 7.474828e+01 2.042521e+01
1.531773e+02 0.000000e+00 1.000130e+02 5.316428e+01
5.423351e+01 0.000000e+00 1.000130e+02 -4.577947e+01
