1.446330e+02 0.000000e+00 7.160645e+01 7.302655e+01
-7.454858e+00 0.000000e+00 7.160645e+01 -7.906130e+01
1.865408e+02 0.000000e+00 1.644499e+02 2.209090e+01
1.449250e+02 0.000000e+00 1.644499e+02 -1.952493e+01
5.424692e+02 4.757473e+02 4.757473e+02 5.424692e+02
4.018257e+02 4.757473e+02 4.757473e+02 4.018257e+02
9.284513e+02 0.000000e+00 8.327136e+02 9.573767e+01
6.568470e+02 0.000000e+00 8.327136e+02 -1.758666e+02
2.460107e+02 0.000000e+00 3.007199e+02 -5.470927e+01
3.568768e+02 0.000000e+00 3.007199e+02 5.615689e+01
2.906324e+02 0.000000e+00 2.245897e+02 6.604268e+01
1.675051e+02 0.000000e+00 2.245897e+02 -5.708455e+01
1.136257e+02 0.000000e+00 1.195417e+02 -5.916077e+00
1.250617e+02 0.000000e+00 1.195417e+02 5.519997e+00
2.325722e+02 0.000000e+00 2.637787e+02 -3.120651e+01
2.991877e+02 0.000000e+00 2.637787e+02 3.540906e+01
2.571078e+02 0.000000e+00 2.420250e+02 1.508282e+01
2.278090e+02 0.000000e+00 2.420250e+02 -1.421603e+01
1.051362e+02 0.000000e+00 1.677480e+02 -6.261176e+01
2.176327e+02 0.000000e+00 1.677480e+02 4.988474e+01
1.121629e+02 0.000000e+00 7.277709e+01 3.938580e+01
2.084860e+01 0.000000e+00 7.277709e+01 -5.192849e+01
2.979524e+02 0.000000e+00 2.997904e+02 -1.838013e+00
3.015659e+02 0.000000e+00 2.997904e+02 1.775421e+00
7.357664e+01 0.000000e+00 1.511845e+02 -7.760790e+01
2.460381e+02 0.000000e+00 1.511845e+02 9.485358e+01
2.532798e+02 0.000000e+00 1.966092e+02 5.667064e+01
1.459378e+02 0.000000e+00 1.966092e+02 -5.067145e+01
4.088828e+02 0.000000e+00 3.541726e+02 5.471024e+01
2.938564e+02 0.000000e+00 3.541726e+02 -6.031622e+01
1.859641e+02 0.000000e+00 1.581585e+02 2.780560e+01
1.315184e+02 0.000000e+00 1.581585e+02 -2.664015e+01
1.866403e+02 0.000000e+00 9.496416e+01 9.167612e+01
6.384682e+00 0.000000e+00 9.496416e+01 -8.857948e+01
7.930373e+01 0.000000e+00 7.814968e+01 1.154045e+00
7.671295e+01 0.000000e+00 7.814968e+01 -1.436729e+00
4.211050e+02 0.000000e+00 3.221006e+02 9.900436e+01
2.823917e+02 0.000000e+00 3.221006e+02 -3.970895e+01
2.037521e+02 0.000000e+00 2.065722e+02 -2.820084e+00
2.098414e+02 0.000000e+00 2.065722e+02 3.269150e+00
4.928652e+02 0.000000e+00 5.205635e+02 -2.769830e+01
5.417975e+02 0.000000e+00 5.205635e+02 2.123407e+01
2.395826e+02 0.000000e+00 1.265945e+02 1.129881e+02
3.780461e+01 0.000000e+00 1.265945e+02 -8.878991e+01
1.749235e+02 0.000000e+00 1.806131e+02 -5.689651e+00
1.887491e+02 0.000000e+00 1.806131e+02 8.135925e+00
1.233019e+02 0.000000e+00 1.517293e+02 -2.842736e+01
1.926330e+02 0.000000e+00 1.517293e+02 4.090375e+01
1.616911e+02 0.000000e+00 2.432260e+02 -8.153496e+01
3.359139e+02 0.000000e+00 2.432260e+02 9.268793e+01
3.729374e+02 0.000000e+00 2.729810e+02 9.995642e+01
1.682658e+02 0.000000e+00 2.729810e+02 -1.047151e+02
