7.027512e+01 0.000000e+00 3.790551e+01 3.236961e+01
8.306501e+00 0.000000e+00 3.790551e+01 -2.959901e+01
1.526145e+02 0.000000e+00 1.294181e+02 2.319641e+01
1.077175e+02 0.000000e+00 1.294181e+02 -2.170059e+01
3.285572e+01 0.000000e+00 -1.904191e+01 5.189764e+01
-6.720981e+01 0.000000e+00 -1.904191e+01 -4.816789e+01
3.434994e+02 2.901656e+02 2.901656e+02 3.434994e+02
2.268646e+02 2.901656e+02 2.901656e+02 2.268646e+02
9.097915e+01 0.000000e+00 1.552712e+02 -6.429206e+01
2.258514e+02 0.000000e+00 1.552712e+02 7.058020e+01
9.301406e+01 0.000000e+00 7.467126e+01 1.834281e+01
5.539310e+01 0.000000e+00 7.467126e+01 -1.927816e+01
6.918489e+01 0.000000e+00 6.495783e+01 4.227061e+00
5.995538e+01 0.000000e+00 6.495783e+01 -5.002455e+00
1.072499e+02 0.000000e+00 7.075389e+01 3.649606e+01
3.544114e+01 0.000000e+00 7.075389e+01 -3.531275e+01
1.011443e+02 0.000000e+00 1.079985e+02 -6.854200e+00
1.143926e+02 0.000000e+00 1.079985e+02 6.394104e+00
5.392065e+01 0.000000e+00 8.690204e+01 -3.298139e+01
1.113163e+02 0.000000e+00 8.690204e+01 2.441425e+01
1.449523e+02 0.000000e+00 1.022447e+02 4.270765e+01
6.623356e+01 0.000000e+00 1.022447e+02 -3.601111e+01
2.023771e+02 0.000000e+00 1.888471e+02 1.353000e+01
1.747633e+02 0.000000e+00 1.888471e+02 -1.408377e+01
1.134497e+02 0.000000e+00 1.181337e+02 -4.684032e+00
1.238795e+02 0.000000e+00 1.181337e+02 5.745786e+00
8.963180e+01 0.000000e+00 8.608987e+01 3.541934e+00
8.273007e+01 0.000000e+00 8.608987e+01 -3.359802e+00
2.395499e+02 0.000000e+00 2.348532e+02 4.696695e+00
2.322610e+02 0.000000e+00 2.348532e+02 -2.592263e+00
7.317705e+01 0.000000e+00 8.189085e+01 -8.713792e+00
8.972755e+01 0.000000e+00 8.189085e+01 7.836703e+00
1.526876e+02 0.000000e+00 1.353680e+02 1.731965e+01
1.237059e+02 0.000000e+00 1.353680e+02 -1.166212e+01
7.327650e+01 0.000000e+00 6.234516e+01 1.093134e+01
5.156134e+01 0.000000e+00 6.234516e+01 -1.078383e+01
1.730222e+02 0.000000e+00 1.482731e+02 2.474912e+01
1.330925e+02 0.000000e+00 1.482731e+02 -1.518055e+01
1.244434e+02 0.000000e+00 9.541179e+01 2.903164e+01
6.306769e+01 0.000000e+00 9.541179e+01 -3.234410e+01
1.629422e+02 0.000000e+00 1.513641e+02 1.157812e+01
1.404122e+02 0.000000e+00 1.513641e+02 -1.095190e+01
1.363487e+02 0.000000e+00 7.725759e+01 5.909115e+01
2.381567e+01 0.000000e+00 7.725759e+01 -5.344192e+01
4.020678e+01 0.000000e+00 5.381343e+01 -1.360665e+01
6.790913e+01 0.000000e+00 5.381343e+01 1.409570e+01
8.664370e+01 0.000000e+00 9.065808e+01 -4.014382e+00
9.413901e+01 0.000000e+00 9.065808e+01 3.480929e+00
4.125430e+01 0.000000e+00 5.167236e+01 -1.041806e+01
6.557418e+01 0.000000e+00 5.167236e+01 1.390181e+01
1.060716e+02 0.000000e+00 7.626100e+01 2.981055e+01
4.666070e+01 0.000000e+00 7.626100e+01 -2.960030e+01
