1.791836e+02 0.000000e+00 9.231528e+01 8.686828e+01
1.401820e+01 0.000000e+00 9.231528e+01 -7.829708e+01
2.144431e+02 0.000000e+00 1.582836e+02 5.615953e+01
1.216772e+02 0.000000e+00 1.582836e+02 -3.660646e+01
2.998183e+00 0.000000e+00 -3.963780e+01 4.263599e+01
-7.512061e+01 0.000000e+00 -3.963780e+01 -3.548281e+01
2.446948e+02 0.000000e+00 1.534914e+02 9.120338e+01
3.792850e+01 0.000000e+00 1.534914e+02 -1.155629e+02
3.066959e+02 0.000000e+00 2.939867e+02 1.270923e+01
2.812855e+02 0.000000e+00 2.939867e+02 -1.270114e+01
1.408200e+02 0.000000e+00 1.476305e+02 -6.810532e+00
1.559904e+02 0.000000e+00 1.476305e+02 8.359924e+00
-1.939074e+01 0.000000e+00 1.684394e+01 -3.623468e+01
5.353384e+01 0.000000e+00 1.684394e+01 3.668990e+01
1.747608e+02 0.000000e+00 1.697769e+02 4.983932e+00
1.630171e+02 0.000000e+00 1.697769e+02 -6.759766e+00
5.789828e+01 0.000000e+00 -5.466927e-01 5.844498e+01
-5.325914e+01 0.000000e+00 -5.466927e-01 -5.271245e+01
6.526462e+01 0.000000e+00 1.240098e+02 -5.874517e+01
1.686882e+02 0.000000e+00 1.240098e+02 4.467844e+01
3.591017e+02 0.000000e+00 2.541796e+02 1.049220e+02
1.610348e+02 0.000000e+00 2.541796e+02 -9.314484e+01
2.787842e+02 0.000000e+00 2.658500e+02 1.293417e+01
2.529469e+02 0.000000e+00 2.658500e+02 -1.290308e+01
4.848425e+02 0.000000e+00 4.568115e+02 2.803101e+01
4.322704e+02 0.000000e+00 4.568115e+02 -2.454111e+01
6.341458e+01 0.000000e+00 7.495830e+01 -1.154372e+01
8.844769e+01 0.000000e+00 7.495830e+01 1.348940e+01
3.262932e+02 0.000000e+00 2.733839e+02 5.290924e+01
2.114595e+02 0.000000e+00 2.733839e+02 -6.192439e+01
1.048317e+02 0.000000e+00 1.002799e+02 4.551888e+00
9.622218e+01 0.000000e+00 1.002799e+02 -4.057678e+00
3.903723e+02 0.000000e+00 3.307366e+02 5.963568e+01
2.678866e+02 0.000000e+00 3.307366e+02 -6.284998e+01
1.086071e+02 0.000000e+00 1.301212e+02 -2.151414e+01
1.503817e+02 0.000000e+00 1.301212e+02 2.026054e+01
5.704493e+02 5.244303e+02 5.244303e+02 5.704493e+02
4.978767e+02 5.244303e+02 5.244303e+02 4.978767e+02
3.277814e+02 0.000000e+00 2.177292e+02 1.100522e+02
8.654974e+01 0.000000e+00 2.177292e+02 -1.311794e+02
1.530270e+02 0.000000e+00 1.544845e+02 -1.457504e+00
1.559031e+02 0.000000e+00 1.544845e+02 1.418594e+00
1.186438e+02 0.000000e+00 1.213072e+02 -2.663467e+00
1.236961e+02 0.000000e+00 1.213072e+02 2.388870e+00
3.321857e+00 0.000000e+00 7.383749e+01 -7.051563e+01
1.480704e+02 0.000000e+00 7.383749e+01 7.423292e+01
1.510062e+02 0.000000e+00 1.558857e+02 -4.879425e+00
1.615871e+02 0.000000e+00 1.558857e+02 5.701401e+00
1.980834e+02 0.000000e+00 2.183444e+02 -2.026099e+01
2.478972e+02 0.000000e+00 2.183444e+02 2.955284e+01
3.591092e+02 0.000000e+00 2.679092e+02 9.119998e+01
1.802510e+02 0.000000e+00 2.679092e+02 -8.765816e+01
