6.775059e+01 0.000000e+00 3.652471e+01 3.122588e+01
7.631643e+00 0.000000e+00 3.652471e+01 -2.889307e+01
1.559322e+02 0.000000e+00 1.320817e+02 2.385048e+01
1.092529e+02 0.000000e+00 1.320817e+02 -2.282877e+01
3.456493e+01 0.000000e+00 -1.671808e+01 5.128301e+01
-6.443280e+01 0.000000e+00 -1.671808e+01 -4.771472e+01
1.986395e+02 0.000000e+00 1.555447e+02 4.309478e+01
1.061674e+02 0.000000e+00 1.555447e+02 -4.937732e+01
1.030893e+02 0.000000e+00 1.589024e+02 -5.581309e+01
2.233715e+02 0.000000e+00 1.589024e+02 6.446909e+01
9.975349e+01 0.000000e+00 6.940202e+01 3.035147e+01
3.763597e+01 0.000000e+00 6.940202e+01 -3.176605e+01
7.414527e+01 0.000000e+00 7.342092e+01 7.243440e-01
7.222325e+01 0.000000e+00 7.342092e+01 -1.197669e+00
1.028256e+02 0.000000e+00 6.651626e+01 3.630938e+01
3.092709e+01 0.000000e+00 6.651626e+01 -3.558916e+01
1.046845e+02 0.000000e+00 1.054398e+02 -7.552339e-01
1.058462e+02 0.000000e+00 1.054398e+02 4.064502e-01
5.795186e+01 0.000000e+00 9.461436e+01 -3.666250e+01
1.235946e+02 0.000000e+00 9.461436e+01 2.898020e+01
1.563940e+02 0.000000e+00 1.158958e+02 4.049820e+01
8.195052e+01 0.000000e+00 1.158958e+02 -3.394528e+01
3.179159e+02 2.934898e+02 2.934898e+02 3.179159e+02
2.688661e+02 2.934898e+02 2.934898e+02 2.688661e+02
1.197602e+02 0.000000e+00 1.220782e+02 -2.317990e+00
1.248316e+02 0.000000e+00 1.220782e+02 2.753462e+00
7.871268e+01 0.000000e+00 7.778012e+01 9.325564e-01
7.699661e+01 0.000000e+00 7.778012e+01 -7.835126e-01
2.308562e+02 0.000000e+00 2.280285e+02 2.827648e+00
2.271116e+02 0.000000e+00 2.280285e+02 -9.169277e-01
7.264157e+01 0.000000e+00 7.699803e+01 -4.356461e+00
8.104028e+01 0.000000e+00 7.699803e+01 4.042245e+00
1.650317e+02 0.000000e+00 1.396799e+02 2.535183e+01
1.218544e+02 0.000000e+00 1.396799e+02 -1.782547e+01
8.040394e+01 0.000000e+00 7.038757e+01 1.001637e+01
5.948822e+01 0.000000e+00 7.038757e+01 -1.089935e+01
1.719179e+02 0.000000e+00 1.482212e+02 2.369671e+01
1.343336e+02 0.000000e+00 1.482212e+02 -1.388756e+01
1.239079e+02 0.000000e+00 9.514517e+01 2.876271e+01
6.352973e+01 0.000000e+00 9.514517e+01 -3.161544e+01
1.752227e+02 0.000000e+00 1.636970e+02 1.152571e+01
1.528370e+02 0.000000e+00 1.636970e+02 -1.086001e+01
1.422225e+02 0.000000e+00 8.042009e+01 6.180241e+01
2.326497e+01 0.000000e+00 8.042009e+01 -5.715512e+01
4.003165e+01 0.000000e+00 5.159010e+01 -1.155845e+01
6.389495e+01 0.000000e+00 5.159010e+01 1.230485e+01
1.002878e+02 0.000000e+00 1.022805e+02 -1.992678e+00
1.042837e+02 0.000000e+00 1.022805e+02 2.003265e+00
3.134738e+01 0.000000e+00 4.738400e+01 -1.603662e+01
6.873369e+01 0.000000e+00 4.738400e+01 2.134969e+01
1.056125e+02 0.000000e+00 7.560342e+01 3.000906e+01
4.546913e+01 0.000000e+00 7.560342e+01 -3.013430e+01
