5.749794e+01 0.000000e+00 1.933158e+01 3.816635e+01
-1.595886e+01 0.000000e+00 1.933158e+01 -3.529044e+01
1.275787e+02 0.000000e+00 1.051663e+02 2.241241e+01
8.359882e+01 0.000000e+00 1.051663e+02 -2.156749e+01
9.551414e+00 0.000000e+00 -3.520953e+01 4.476094e+01
-7.662262e+01 0.000000e+00 -3.520953e+01 -4.141309e+01
1.596643e+02 0.000000e+00 1.238292e+02 3.583504e+01
8.300924e+01 0.000000e+00 1.238292e+02 -4.081998e+01
7.727291e+01 0.000000e+00 1.366533e+02 -5.938037e+01
2.049215e+02 0.000000e+00 1.366533e+02 6.826824e+01
7.218488e+01 0.000000e+00 4.466541e+01 2.751948e+01
1.547938e+01 0.000000e+00 4.466541e+01 -2.918603e+01
4.832420e+01 0.000000e+00 5.425386e+01 -5.929664e+00
6.011071e+01 0.000000e+00 5.425386e+01 5.856846e+00
8.133449e+01 0.000000e+00 4.853982e+01 3.279467e+01
1.535731e+01 0.000000e+00 4.853982e+01 -3.318251e+01
9.392598e+01 0.000000e+00 9.271621e+01 1.209776e+00
9.163777e+01 0.000000e+00 9.271621e+01 -1.078435e+00
3.319945e+01 0.000000e+00 7.836555e+01 -4.516609e+01
1.142397e+02 0.000000e+00 7.836555e+01 3.587414e+01
1.292120e+02 0.000000e+00 9.228842e+01 3.692358e+01
6.154998e+01 0.000000e+00 9.228842e+01 -3.073843e+01
1.453355e+02 0.000000e+00 1.377325e+02 7.603031e+00
1.308834e+02 0.000000e+00 1.377325e+02 -6.849133e+00
9.584383e+01 0.000000e+00 1.011492e+02 -5.305347e+00
1.066331e+02 0.000000e+00 1.011492e+02 5.483941e+00
4.425427e+01 0.000000e+00 4.526387e+01 -1.009595e+00
4.667180e+01 0.000000e+00 4.526387e+01 1.407936e+00
3.179594e+02 3.142306e+02 3.142306e+02 3.179594e+02
3.129103e+02 3.142306e+02 3.142306e+02 3.129103e+02
5.917845e+01 0.000000e+00 6.499767e+01 -5.819213e+00
6.988572e+01 0.000000e+00 6.499767e+01 4.888055e+00
1.351921e+02 0.000000e+00 1.122685e+02 2.292363e+01
9.502607e+01 0.000000e+00 1.122685e+02 -1.724243e+01
4.043286e+01 0.000000e+00 4.044740e+01 -1.453294e-02
3.903770e+01 0.000000e+00 4.044740e+01 -1.409699e+00
1.699389e+02 0.000000e+00 1.381321e+02 3.180678e+01
1.205310e+02 0.000000e+00 1.381321e+02 -1.760108e+01
1.078849e+02 0.000000e+00 8.181357e+01 2.607134e+01
5.207676e+01 0.000000e+00 8.181357e+01 -2.973680e+01
1.780363e+02 0.000000e+00 1.654118e+02 1.262449e+01
1.529232e+02 0.000000e+00 1.654118e+02 -1.248858e+01
1.120602e+02 0.000000e+00 5.175700e+01 6.030322e+01
-5.377129e+00 0.000000e+00 5.175700e+01 -5.713413e+01
1.808480e+01 0.000000e+00 3.072480e+01 -1.264001e+01
4.374085e+01 0.000000e+00 3.072480e+01 1.301605e+01
6.638228e+01 0.000000e+00 7.327248e+01 -6.890198e+00
8.044779e+01 0.000000e+00 7.327248e+01 7.175310e+00
1.678838e+01 0.000000e+00 3.344654e+01 -1.665816e+01
5.460539e+01 0.000000e+00 3.344654e+01 2.115885e+01
8.695751e+01 0.000000e+00 5.447846e+01 3.247905e+01
2.105592e+01 0.000000e+00 5.447846e+01 -3.342254e+01
