1.096160e+02 0.000000e+00 5.404184e+01 5.557413e+01
1.543620e+00 0.000000e+00 5.404184e+01 -5.249822e+01
1.716305e+02 0.000000e+00 1.421396e+02 2.949084e+01
1.144498e+02 0.000000e+00 1.421396e+02 -2.768985e+01
5.759341e+01 0.000000e+00 3.413999e-01 5.725201e+01
-5.769138e+01 0.000000e+00 3.413999e-01 -5.803278e+01
2.009626e+02 0.000000e+00 1.661635e+02 3.479914e+01
1.214324e+02 0.000000e+00 1.661635e+02 -4.473111e+01
1.294763e+02 0.000000e+00 1.700636e+02 -4.058728e+01
2.175362e+02 0.000000e+00 1.700636e+02 4.747261e+01
1.268841e+02 0.000000e+00 9.685674e+01 3.002740e+01
6.567392e+01 0.000000e+00 9.685674e+01 -3.118282e+01
2.474914e+02 2.328550e+02 2.328550e+02 2.474914e+02
2.166323e+02 2.328550e+02 2.328550e+02 2.166323e+02
1.403124e+02 0.000000e+00 1.008883e+02 3.942415e+01
6.043093e+01 0.000000e+00 1.008883e+02 -4.045736e+01
1.270064e+02 0.000000e+00 1.219099e+02 5.096535e+00
1.163807e+02 0.000000e+00 1.219099e+02 -5.529229e+00
5.064709e+01 0.000000e+00 1.029519e+02 -5.230479e+01
1.426977e+02 0.000000e+00 1.029519e+02 3.974578e+01
1.496479e+02 0.000000e+00 1.150469e+02 3.460102e+01
8.507071e+01 0.000000e+00 1.150469e+02 -2.997621e+01
2.235611e+02 0.000000e+00 2.141841e+02 9.377050e+00
2.035329e+02 0.000000e+00 2.141841e+02 -1.065111e+01
1.595890e+02 0.000000e+00 1.549487e+02 4.640283e+00
1.501629e+02 0.000000e+00 1.549487e+02 -4.785733e+00
1.181051e+02 0.000000e+00 1.295209e+02 -1.141581e+01
1.414620e+02 0.000000e+00 1.295209e+02 1.194105e+01
2.660879e+02 0.000000e+00 2.672350e+02 -1.147104e+00
2.708256e+02 0.000000e+00 2.672350e+02 3.590583e+00
1.072259e+02 0.000000e+00 1.173170e+02 -1.009110e+01
1.254926e+02 0.000000e+00 1.173170e+02 8.175672e+00
1.946125e+02 0.000000e+00 1.554764e+02 3.913610e+01
1.231264e+02 0.000000e+00 1.554764e+02 -3.235005e+01
6.019528e+01 0.000000e+00 5.597964e+01 4.215644e+00
4.920845e+01 0.000000e+00 5.597964e+01 -6.771190e+00
1.784958e+02 0.000000e+00 1.577061e+02 2.078977e+01
1.448264e+02 0.000000e+00 1.577061e+02 -1.287967e+01
1.314498e+02 0.000000e+00 9.818621e+01 3.326361e+01
6.230750e+01 0.000000e+00 9.818621e+01 -3.587871e+01
2.171000e+02 0.000000e+00 2.182727e+02 -1.172763e+00
2.199760e+02 0.000000e+00 2.182727e+02 1.703283e+00
1.504218e+02 0.000000e+00 8.553498e+01 6.488685e+01
2.856631e+01 0.000000e+00 8.553498e+01 -5.696867e+01
5.052911e+01 0.000000e+00 5.490926e+01 -4.380152e+00
5.812776e+01 0.000000e+00 5.490926e+01 3.218496e+00
1.313673e+02 0.000000e+00 1.230313e+02 8.336047e+00
1.142233e+02 0.000000e+00 1.230313e+02 -8.807938e+00
4.627101e+01 0.000000e+00 6.384910e+01 -1.757810e+01
8.437700e+01 0.000000e+00 6.384910e+01 2.052790e+01
1.264887e+02 0.000000e+00 9.246406e+01 3.402469e+01
5.918471e+01 0.000000e+00 9.246406e+01 -3.327934e+01
