5.686872e+01 0.000000e+00 1.370200e+01 4.316673e+01
-3.169789e+01 0.000000e+00 1.370200e+01 -4.539989e+01
1.664701e+02 0.000000e+00 1.438847e+02 2.258535e+01
1.229653e+02 0.000000e+00 1.438847e+02 -2.091945e+01
7.058318e+01 0.000000e+00 3.666561e+01 3.391757e+01
4.214396e+00 0.000000e+00 3.666561e+01 -3.245121e+01
2.646564e+02 0.000000e+00 2.199888e+02 4.466760e+01
1.631078e+02 0.000000e+00 2.199888e+02 -5.688101e+01
1.052881e+02 0.000000e+00 1.642390e+02 -5.895093e+01
2.301725e+02 0.000000e+00 1.642390e+02 6.593354e+01
1.024916e+02 0.000000e+00 8.898771e+01 1.350391e+01
7.463965e+01 0.000000e+00 8.898771e+01 -1.434807e+01
9.175988e+01 0.000000e+00 9.527623e+01 -3.516347e+00
9.811890e+01 0.000000e+00 9.527623e+01 2.842672e+00
2.764340e+02 2.543959e+02 2.543959e+02 2.764340e+02
2.391457e+02 2.543959e+02 2.543959e+02 2.391457e+02
1.376489e+02 0.000000e+00 1.307685e+02 6.880402e+00
1.236757e+02 0.000000e+00 1.307685e+02 -7.092804e+00
8.470749e+01 0.000000e+00 1.372210e+02 -5.251348e+01
1.777994e+02 0.000000e+00 1.372210e+02 4.057847e+01
1.458814e+02 0.000000e+00 1.196841e+02 2.619735e+01
9.811225e+01 0.000000e+00 1.196841e+02 -2.157183e+01
2.039857e+02 0.000000e+00 2.045709e+02 -5.851995e-01
2.097321e+02 0.000000e+00 2.045709e+02 5.161197e+00
1.803065e+02 0.000000e+00 1.850188e+02 -4.712300e+00
1.901950e+02 0.000000e+00 1.850188e+02 5.176206e+00
1.212780e+02 0.000000e+00 1.233515e+02 -2.073518e+00
1.240624e+02 0.000000e+00 1.233515e+02 7.108932e-01
2.757699e+02 0.000000e+00 2.640285e+02 1.174137e+01
2.519434e+02 0.000000e+00 2.640285e+02 -1.208512e+01
1.605775e+02 0.000000e+00 1.568613e+02 3.716196e+00
1.534023e+02 0.000000e+00 1.568613e+02 -3.459034e+00
2.100867e+02 0.000000e+00 1.780528e+02 3.203385e+01
1.493458e+02 0.000000e+00 1.780528e+02 -2.870703e+01
1.240063e+02 0.000000e+00 8.415225e+01 3.985403e+01
4.314703e+01 0.000000e+00 8.415225e+01 -4.100522e+01
2.148000e+02 0.000000e+00 1.917757e+02 2.302431e+01
1.841319e+02 0.000000e+00 1.917757e+02 -7.643796e+00
1.189183e+02 0.000000e+00 1.106492e+02 8.269168e+00
1.023280e+02 0.000000e+00 1.106492e+02 -8.321181e+00
2.077159e+02 0.000000e+00 2.296396e+02 -2.192377e+01
2.545573e+02 0.000000e+00 2.296396e+02 2.491763e+01
1.660818e+02 0.000000e+00 1.065514e+02 5.953043e+01
5.467326e+01 0.000000e+00 1.065514e+02 -5.187811e+01
6.194880e+01 0.000000e+00 6.913172e+01 -7.182918e+00
7.561693e+01 0.000000e+00 6.913172e+01 6.485213e+00
9.537991e+01 0.000000e+00 9.589580e+01 -5.158868e-01
9.256216e+01 0.000000e+00 9.589580e+01 -3.333636e+00
5.417701e+01 0.000000e+00 8.283058e+01 -2.865357e+01
1.245304e+02 0.000000e+00 8.283058e+01 4.169980e+01
1.015485e+02 0.000000e+00 8.691593e+01 1.463253e+01
7.179603e+01 0.000000e+00 8.691593e+01 -1.511990e+01
