8.530827e+00 0.000000e+00 -5.244222e+00 1.377505e+01
-1.892124e+01 0.000000e+00 -5.244222e+00 -1.367702e+01
1.588101e+02 0.000000e+00 1.707631e+02 -1.195302e+01
1.817677e+02 0.000000e+00 1.707631e+02 1.100459e+01
2.235045e+02 0.000000e+00 2.995060e+01 1.935539e+02
-1.390700e+02 0.000000e+00 2.995060e+01 -1.690206e+02
5.468886e+02 0.000000e+00 4.617412e+02 8.514740e+01
3.331902e+02 0.000000e+00 4.617412e+02 -1.285510e+02
4.156210e+01 0.000000e+00 1.649703e+02 -1.234082e+02
2.818258e+02 0.000000e+00 1.649703e+02 1.168555e+02
1.120200e+02 0.000000e+00 1.194590e+02 -7.439003e+00
1.260832e+02 0.000000e+00 1.194590e+02 6.624191e+00
-4.242268e+00 0.000000e+00 -2.724526e+00 -1.517741e+00
-1.025959e+00 0.000000e+00 -2.724526e+00 1.698568e+00
7.330522e+02 7.790693e+02 7.790693e+02 7.330522e+02
8.788925e+02 7.790693e+02 7.790693e+02 8.788925e+02
1.192711e+02 0.000000e+00 9.686869e+01 2.240244e+01
7.336584e+01 0.000000e+00 9.686869e+01 -2.350285e+01
1.367736e+02 0.000000e+00 1.976539e+02 -6.088034e+01
2.438790e+02 0.000000e+00 1.976539e+02 4.622505e+01
1.066466e+02 0.000000e+00 1.685517e+02 -6.190512e+01
2.127030e+02 0.000000e+00 1.685517e+02 4.415129e+01
1.466094e+02 0.000000e+00 1.619785e+02 -1.536914e+01
1.843212e+02 0.000000e+00 1.619785e+02 2.234267e+01
1.788778e+02 0.000000e+00 1.730830e+02 5.794754e+00
1.673968e+02 0.000000e+00 1.730830e+02 -5.686188e+00
3.477030e+01 0.000000e+00 -1.585674e+01 5.062704e+01
-6.946272e+01 0.000000e+00 -1.585674e+01 -5.360598e+01
2.762141e+02 0.000000e+00 2.596419e+02 1.657217e+01
2.435850e+02 0.000000e+00 2.596419e+02 -1.605695e+01
2.631603e+02 0.000000e+00 1.753383e+02 8.782199e+01
1.080984e+02 0.000000e+00 1.753383e+02 -6.723996e+01
2.744089e+02 0.000000e+00 2.608898e+02 1.351904e+01
2.490319e+02 0.000000e+00 2.608898e+02 -1.185791e+01
5.449871e+01 0.000000e+00 2.812547e+01 2.637324e+01
-1.200617e+01 0.000000e+00 2.812547e+01 -4.013164e+01
2.658119e+02 0.000000e+00 2.884962e+02 -2.268427e+01
3.060493e+02 0.000000e+00 2.884962e+02 1.755313e+01
9.117432e+01 0.000000e+00 6.807101e+01 2.310330e+01
4.321298e+01 0.000000e+00 6.807101e+01 -2.485803e+01
2.750370e+02 0.000000e+00 2.335368e+02 4.150017e+01
1.914673e+02 0.000000e+00 2.335368e+02 -4.206952e+01
1.209889e+02 0.000000e+00 1.698844e+02 -4.889547e+01
2.995211e+02 0.000000e+00 1.698844e+02 1.296367e+02
9.462535e+01 0.000000e+00 6.957561e+01 2.504974e+01
3.889017e+01 0.000000e+00 6.957561e+01 -3.068544e+01
3.429530e+02 0.000000e+00 1.475011e+02 1.954519e+02
-1.203641e+02 0.000000e+00 1.475011e+02 -2.678652e+02
-1.108795e+02 0.000000e+00 -3.059019e+01 -8.028928e+01
2.219425e+02 0.000000e+00 -3.059019e+01 2.525327e+02
1.337542e+02 0.000000e+00 9.830192e+01 3.545226e+01
5.798853e+01 0.000000e+00 9.830192e+01 -4.031339e+01
