1.061662e+02 0.000000e+00 6.629044e+01 3.987571e+01
2.897001e+01 0.000000e+00 6.629044e+01 -3.732043e+01
1.750125e+02 0.000000e+00 1.366120e+02 3.840050e+01
1.036994e+02 0.000000e+00 1.366120e+02 -3.291258e+01
2.249949e+02 0.000000e+00 1.384692e+02 8.652571e+01
5.931448e+01 0.000000e+00 1.384692e+02 -7.915473e+01
1.065624e+02 0.000000e+00 9.280676e+01 1.375565e+01
7.475327e+01 0.000000e+00 9.280676e+01 -1.805349e+01
2.681674e+02 0.000000e+00 3.040458e+02 -3.587842e+01
3.468180e+02 0.000000e+00 3.040458e+02 4.277213e+01
3.252895e+02 0.000000e+00 2.065959e+02 1.186936e+02
8.164887e+01 0.000000e+00 2.065959e+02 -1.249470e+02
6.788718e+01 0.000000e+00 1.137593e+02 -4.587213e+01
1.572629e+02 0.000000e+00 1.137593e+02 4.350357e+01
2.510679e+02 0.000000e+00 2.234655e+02 2.760243e+01
1.590830e+02 0.000000e+00 2.234655e+02 -6.438248e+01
4.308990e+02 0.000000e+00 3.658063e+02 6.509271e+01
2.792911e+02 0.000000e+00 3.658063e+02 -8.651520e+01
5.641426e+01 0.000000e+00 8.927895e+01 -3.286469e+01
1.148808e+02 0.000000e+00 8.927895e+01 2.560181e+01
4.550371e+02 4.468344e+02 4.468344e+02 4.550371e+02
4.394449e+02 4.468344e+02 4.468344e+02 4.394449e+02
7.394218e+01 0.000000e+00 1.056645e+02 -3.172234e+01
1.368380e+02 0.000000e+00 1.056645e+02 3.117350e+01
2.629179e+02 0.000000e+00 2.020618e+02 6.085617e+01
1.410379e+02 0.000000e+00 2.020618e+02 -6.102385e+01
1.815855e+02 0.000000e+00 1.568343e+02 2.475122e+01
1.314026e+02 0.000000e+00 1.568343e+02 -2.543176e+01
4.131053e+02 0.000000e+00 4.384410e+02 -2.533575e+01
4.694271e+02 0.000000e+00 4.384410e+02 3.098602e+01
-2.474732e+01 0.000000e+00 -2.170489e+01 -3.042435e+00
-1.936351e+01 0.000000e+00 -2.170489e+01 2.341375e+00
3.295243e+01 0.000000e+00 4.680692e+01 -1.385449e+01
6.348920e+01 0.000000e+00 4.680692e+01 1.668227e+01
1.028330e+02 0.000000e+00 1.193736e+02 -1.654066e+01
1.386072e+02 0.000000e+00 1.193736e+02 1.923357e+01
3.859663e+02 0.000000e+00 2.944884e+02 9.147787e+01
2.556705e+02 0.000000e+00 2.944884e+02 -3.881787e+01
1.447779e+02 0.000000e+00 8.699538e+01 5.778252e+01
2.741953e+01 0.000000e+00 8.699538e+01 -5.957586e+01
2.288071e+02 0.000000e+00 2.407358e+02 -1.192867e+01
2.507997e+02 0.000000e+00 2.407358e+02 1.006386e+01
1.327417e+02 0.000000e+00 7.625851e+01 5.648324e+01
3.263843e+01 0.000000e+00 7.625851e+01 -4.362008e+01
7.768434e+01 0.000000e+00 7.360245e+01 4.081894e+00
6.825208e+01 0.000000e+00 7.360245e+01 -5.350372e+00
1.272367e+02 0.000000e+00 1.267425e+02 4.942093e-01
1.262247e+02 0.000000e+00 1.267425e+02 -5.177841e-01
9.632316e+01 0.000000e+00 1.261752e+02 -2.985201e+01
1.591353e+02 0.000000e+00 1.261752e+02 3.296011e+01
1.421745e+02 0.000000e+00 1.297169e+02 1.245761e+01
1.130274e+02 0.000000e+00 1.297169e+02 -1.668956e+01
