8.944676e+01 6.224338e+01 6.224338e+01 8.944676e+01
2.304903e+01 6.224338e+01 6.224338e+01 2.304903e+01
7.012378e+01 6.224338e+01 6.224338e+01 7.012378e+01
1.596359e+02 6.224338e+01 6.224338e+01 1.596359e+02
1.446336e+02 6.224338e+01 6.224338e+01 1.446336e+02
5.442869e+01 6.224338e+01 6.224338e+01 5.442869e+01
4.669215e+01 6.224338e+01 6.224338e+01 4.669215e+01
6.361274e+01 6.224338e+01 6.224338e+01 6.361274e+01
2.728680e+01 6.224338e+01 6.224338e+01 2.728680e+01
8.502310e+00 6.224338e+01 6.224338e+01 8.502310e+00
7.674959e+01 6.224338e+01 6.224338e+01 7.674959e+01
8.712651e+01 6.224338e+01 6.224338e+01 8.712651e+01
6.768404e+01 6.224338e+01 6.224338e+01 6.768404e+01
-3.958437e+01 6.224338e+01 6.224338e+01 -3.958437e+01
1.083309e+02 6.224338e+01 6.224338e+01 1.083309e+02
4.942093e+01 6.224338e+01 6.224338e+01 4.942093e+01
7.357889e+01 6.224338e+01 6.224338e+01 7.357889e+01
-2.090026e+01 6.224338e+01 6.224338e+01 -2.090026e+01
6.551604e+01 6.224338e+01 6.224338e+01 6.551604e+01
7.071841e+01 6.224338e+01 6.224338e+01 7.071841e+01
9.809190e+01 6.224338e+01 6.224338e+01 9.809190e+01
4.303668e+01 6.224338e+01 6.224338e+01 4.303668e+01
1.308808e+02 6.224338e+01 6.224338e+01 1.308808e+02
-7.212149e+00 6.224338e+01 6.224338e+01 -7.212149e+00
2.196159e+01 6.224338e+01 6.224338e+01 2.196159e+01
7.814935e+01 6.224338e+01 6.224338e+01 7.814935e+01
