9.308869e+01 4.432863e+01 4.432863e+01 9.308869e+01
3.673328e+01 4.432863e+01 4.432863e+01 3.673328e+01
9.295215e+01 4.432863e+01 4.432863e+01 9.295215e+01
3.977011e+01 4.432863e+01 4.432863e+01 3.977011e+01
6.136901e+01 4.432863e+01 4.432863e+01 6.136901e+01
6.298313e+01 4.432863e+01 4.432863e+01 6.298313e+01
9.913763e+01 4.432863e+01 4.432863e+01 9.913763e+01
8.875242e+01 4.432863e+01 4.432863e+01 8.875242e+01
3.328787e+01 4.432863e+01 4.432863e+01 3.328787e+01
2.250270e+01 4.432863e+01 4.432863e+01 2.250270e+01
2.086930e+01 4.432863e+01 4.432863e+01 2.086930e+01
4.728734e+01 4.432863e+01 4.432863e+01 4.728734e+01
1.440668e+01 4.432863e+01 4.432863e+01 1.440668e+01
1.495838e+01 4.432863e+01 4.432863e+01 1.495838e+01
8.652212e+01 4.432863e+01 4.432863e+01 8.652212e+01
5.105522e+01 4.432863e+01 4.432863e+01 5.105522e+01
5.574933e+01 4.432863e+01 4.432863e+01 5.574933e+01
1.869776e+00 4.432863e+01 4.432863e+01 1.869776e+00
-3.077960e+00 4.432863e+01 4.432863e+01 -3.077960e+00
3.216354e+00 4.432863e+01 4.432863e+01 3.216354e+00
7.057932e+01 4.432863e+01 4.432863e+01 7.057932e+01
5.441716e+01 4.432863e+01 4.432863e+01 5.441716e+01
9.995965e+01 4.432863e+01 4.432863e+01 9.995965e+01
2.813233e+01 4.432863e+01 4.432863e+01 2.813233e+01
6.532857e+00 4.432863e+01 4.432863e+01 6.532857e+00
2.023391e+01 4.432863e+01 4.432863e+01 2.023391e+01
